1.0002e+00
1.0085e+00
1.0168e+00
1.0251e+00
1.0334e+00
1.0417e+00
1.0500e+00
1.0583e+00
1.0666e+00
1.0749e+00
1.0832e+00
1.0915e+00
1.0998e+00
1.1081e+00
1.1164e+00
1.1247e+00
1.1330e+00
1.1413e+00
1.1496e+00
1.1579e+00
1.1662e+00
1.1745e+00
1.1828e+00
1.1911e+00
1.1994e+00
1.2077e+00
1.2160e+00
1.2243e+00
1.2326e+00
1.2409e+00
1.2492e+00
1.2575e+00
1.2658e+00
1.2741e+00
1.2824e+00
1.2907e+00
1.2990e+00
1.3073e+00
1.3156e+00
1.3239e+00
1.3322e+00
1.3405e+00
1.3488e+00
1.3571e+00
1.3654e+00
1.3737e+00
1.3820e+00
1.3903e+00
1.3986e+00
1.4069e+00
1.4152e+00
1.4235e+00
1.4318e+00
1.4401e+00
1.4484e+00
1.4567e+00
1.4650e+00
1.4733e+00
1.4816e+00
1.4899e+00
1.4982e+00
1.5065e+00
1.5148e+00
1.5231e+00
1.5314e+00
1.5397e+00
1.5480e+00
1.5563e+00
1.5646e+00
1.5729e+00
1.5812e+00
1.5895e+00
1.5978e+00
1.6061e+00
1.6144e+00
1.6227e+00
1.6310e+00
1.6393e+00
1.6476e+00
1.6559e+00
1.6642e+00
1.6725e+00
1.6808e+00
1.6890e+00
1.6974e+00
1.7056e+00
1.7139e+00
1.7222e+00
1.7305e+00
1.7388e+00
1.7471e+00
1.7554e+00
1.7637e+00
1.7720e+00
1.7803e+00
1.7886e+00
1.7969e+00
1.8052e+00
1.8135e+00
1.8218e+00
1.8301e+00
1.8384e+00
1.8467e+00
1.8550e+00
1.8633e+00
1.8716e+00
1.8799e+00
1.8882e+00
1.8965e+00
1.9048e+00
1.9131e+00
1.9214e+00
1.9297e+00
1.9380e+00
1.9463e+00
1.9546e+00
1.9629e+00
1.9712e+00
1.9795e+00
1.9878e+00
1.9961e+00
2.0044e+00
2.0127e+00
2.0210e+00
2.0293e+00
2.0376e+00
2.0459e+00
2.0542e+00
2.0625e+00
2.0708e+00
2.0791e+00
2.0874e+00
2.0957e+00
2.1040e+00
2.1123e+00
2.1206e+00
2.1289e+00
2.1372e+00
2.1455e+00
2.1538e+00
2.1621e+00
2.1704e+00
2.1787e+00
2.1870e+00
2.1953e+00
2.2036e+00
2.2119e+00
2.2202e+00
2.2285e+00
2.2368e+00
2.2451e+00
2.2534e+00
2.2617e+00
2.2700e+00
2.2783e+00
2.2866e+00
2.2949e+00
2.3032e+00
2.3115e+00
2.3198e+00
2.3281e+00
2.3364e+00
2.3447e+00
2.3530e+00
2.3613e+00
2.3696e+00
2.3779e+00
2.3862e+00
2.3945e+00
2.4028e+00
2.4111e+00
2.4194e+00
2.4277e+00
2.4360e+00
2.4443e+00
2.4526e+00
2.4609e+00
2.4692e+00
2.4775e+00
2.4858e+00
2.4941e+00
2.5024e+00
2.5107e+00
2.5190e+00
2.5273e+00
2.5356e+00
2.5439e+00
2.5522e+00
2.5605e+00
2.5688e+00
2.5771e+00
2.5854e+00
2.5937e+00
2.6020e+00
2.6103e+00
2.6186e+00
2.6269e+00
2.6352e+00
2.6435e+00
2.6518e+00
2.6601e+00
2.6684e+00
2.6767e+00
2.6850e+00
2.6933e+00
2.7016e+00
2.7099e+00
2.7182e+00
2.7265e+00
2.7348e+00
2.7431e+00
2.7514e+00
2.7597e+00
2.7680e+00
2.7763e+00
2.7846e+00
2.7929e+00
2.8012e+00
2.8095e+00
2.8178e+00
2.8261e+00
2.8344e+00
2.8427e+00
2.8510e+00
2.8593e+00
2.8675e+00
2.8759e+00
2.8841e+00
2.8924e+00
2.9007e+00
2.9090e+00
2.9173e+00
2.9257e+00
2.9339e+00
2.9422e+00
2.9505e+00
2.9588e+00
2.9671e+00
2.9754e+00
2.9837e+00
2.9920e+00
3.0003e+00
3.0086e+00
3.0169e+00
3.0252e+00
3.0335e+00
3.0418e+00
3.0501e+00
3.0584e+00
3.0667e+00
3.0750e+00
3.0833e+00
3.0916e+00
3.0999e+00
3.1082e+00
3.1165e+00
3.1248e+00
3.1331e+00
3.1414e+00
3.1497e+00
3.1580e+00
3.1663e+00
3.1746e+00
3.1829e+00
3.1912e+00
3.1995e+00
3.2078e+00
3.2161e+00
3.2244e+00
3.2327e+00
3.2410e+00
3.2493e+00
3.2576e+00
3.2659e+00
3.2742e+00
3.2825e+00
3.2908e+00
3.2991e+00
3.3074e+00
3.3157e+00
3.3240e+00
3.3323e+00
3.3406e+00
3.3489e+00
3.3572e+00
3.3655e+00
3.3738e+00
3.3821e+00
3.3904e+00
3.3987e+00
3.4070e+00
3.4153e+00
3.4236e+00
3.4319e+00
3.4402e+00
3.4485e+00
3.4568e+00
3.4651e+00
3.4734e+00
3.4817e+00
3.4900e+00
3.4983e+00
3.5066e+00
3.5149e+00
3.5232e+00
3.5315e+00
3.5398e+00
3.5481e+00
3.5564e+00
3.5647e+00
3.5730e+00
3.5813e+00
3.5896e+00
3.5979e+00
3.6062e+00
3.6145e+00
3.6228e+00
3.6311e+00
3.6394e+00
3.6477e+00
3.6560e+00
3.6643e+00
3.6726e+00
3.6809e+00
3.6892e+00
3.6975e+00
3.7058e+00
3.7141e+00
3.7224e+00
3.7307e+00
3.7390e+00
3.7473e+00
3.7556e+00
3.7639e+00
3.7722e+00
3.7805e+00
3.7888e+00
3.7971e+00
3.8054e+00
3.8137e+00
3.8220e+00
3.8303e+00
3.8386e+00
3.8469e+00
3.8552e+00
3.8635e+00
3.8718e+00
3.8801e+00
3.8884e+00
3.8967e+00
3.9050e+00
3.9133e+00
3.9216e+00
3.9299e+00
3.9382e+00
3.9465e+00
3.9548e+00
3.9631e+00
3.9714e+00
3.9797e+00
3.9880e+00
3.9963e+00
4.0046e+00
4.0129e+00
4.0212e+00
4.0295e+00
4.0378e+00
4.0461e+00
4.0544e+00
4.0627e+00
4.0709e+00
4.0792e+00
4.0875e+00
4.0958e+00
4.1041e+00
4.1124e+00
4.1207e+00
4.1290e+00
4.1373e+00
4.1456e+00
4.1539e+00
4.1622e+00
4.1705e+00
4.1788e+00
4.1871e+00
4.1954e+00
4.2037e+00
4.2120e+00
4.2203e+00
4.2286e+00
4.2369e+00
4.2452e+00
4.2535e+00
4.2618e+00
4.2701e+00
4.2784e+00
4.2867e+00
4.2950e+00
4.3033e+00
4.3116e+00
4.3199e+00
4.3282e+00
4.3365e+00
4.3448e+00
4.3531e+00
4.3614e+00
4.3697e+00
4.3780e+00
4.3863e+00
4.3946e+00
4.4029e+00
4.4112e+00
4.4195e+00
4.4278e+00
4.4361e+00
4.4444e+00
4.4527e+00
4.4610e+00
4.4693e+00
4.4776e+00
4.4859e+00
4.4942e+00
4.5025e+00
4.5108e+00
4.5191e+00
4.5274e+00
4.5357e+00
4.5440e+00
4.5523e+00
4.5606e+00
4.5689e+00
4.5772e+00
4.5855e+00
4.5938e+00
4.6021e+00
4.6104e+00
4.6187e+00
4.6270e+00
4.6353e+00
4.6436e+00
4.6519e+00
4.6602e+00
4.6685e+00
4.6768e+00
4.6851e+00
4.6934e+00
4.7017e+00
4.7100e+00
4.7183e+00
4.7266e+00
4.7349e+00
4.7432e+00
4.7515e+00
4.7598e+00
4.7681e+00
4.7764e+00
4.7847e+00
4.7930e+00
4.8013e+00
4.8096e+00
4.8179e+00
4.8262e+00
4.8345e+00
4.8428e+00
4.8511e+00
4.8594e+00
4.8677e+00
4.8760e+00
4.8843e+00
4.8926e+00
4.9009e+00
4.9092e+00
4.9175e+00
4.9258e+00
4.9341e+00
4.9424e+00
4.9507e+00
4.9590e+00
4.9673e+00
4.9756e+00
4.9839e+00
4.9922e+00
