1.0062e+00
1.0145e+00
1.0228e+00
1.0311e+00
1.0394e+00
1.0477e+00
1.0560e+00
1.0643e+00
1.0726e+00
1.0809e+00
1.0892e+00
1.0975e+00
1.1058e+00
1.1141e+00
1.1224e+00
1.1307e+00
1.1390e+00
1.1473e+00
1.1556e+00
1.1639e+00
1.1722e+00
1.1805e+00
1.1888e+00
1.1971e+00
1.2054e+00
1.2137e+00
1.2220e+00
1.2303e+00
1.2386e+00
1.2469e+00
1.2552e+00
1.2635e+00
1.2718e+00
1.2801e+00
1.2884e+00
1.2967e+00
1.3050e+00
1.3133e+00
1.3216e+00
1.3299e+00
1.3382e+00
1.3465e+00
1.3548e+00
1.3631e+00
1.3714e+00
1.3797e+00
1.3880e+00
1.3963e+00
1.4046e+00
1.4129e+00
1.4212e+00
1.4295e+00
1.4378e+00
1.4461e+00
1.4544e+00
1.4627e+00
1.4710e+00
1.4793e+00
1.4876e+00
1.4959e+00
1.5042e+00
1.5125e+00
1.5208e+00
1.5291e+00
1.5374e+00
1.5457e+00
1.5540e+00
1.5623e+00
1.5706e+00
1.5789e+00
1.5872e+00
1.5955e+00
1.6038e+00
1.6121e+00
1.6204e+00
1.6287e+00
1.6370e+00
1.6453e+00
1.6536e+00
1.6619e+00
1.6702e+00
1.6785e+00
1.6868e+00
1.6951e+00
1.7034e+00
1.7117e+00
1.7200e+00
1.7283e+00
1.7366e+00
1.7449e+00
1.7532e+00
1.7615e+00
1.7698e+00
1.7781e+00
1.7864e+00
1.7947e+00
1.8030e+00
1.8113e+00
1.8196e+00
1.8279e+00
1.8362e+00
1.8445e+00
1.8528e+00
1.8610e+00
1.8693e+00
1.8776e+00
1.8859e+00
1.8942e+00
1.9025e+00
1.9108e+00
1.9191e+00
1.9274e+00
1.9357e+00
1.9440e+00
1.9523e+00
1.9606e+00
1.9689e+00
1.9772e+00
1.9855e+00
1.9938e+00
2.0021e+00
2.0104e+00
2.0187e+00
2.0270e+00
2.0353e+00
2.0436e+00
2.0519e+00
2.0602e+00
2.0685e+00
2.0768e+00
2.0851e+00
2.0934e+00
2.1017e+00
2.1100e+00
2.1183e+00
2.1266e+00
2.1349e+00
2.1432e+00
2.1515e+00
2.1598e+00
2.1681e+00
2.1764e+00
2.1847e+00
2.1930e+00
2.2013e+00
2.2096e+00
2.2179e+00
2.2262e+00
2.2345e+00
2.2428e+00
2.2511e+00
2.2594e+00
2.2677e+00
2.2760e+00
2.2843e+00
2.2926e+00
2.3009e+00
2.3092e+00
2.3175e+00
2.3258e+00
2.3341e+00
2.3424e+00
2.3507e+00
2.3590e+00
2.3673e+00
2.3756e+00
2.3839e+00
2.3922e+00
2.4005e+00
2.4088e+00
2.4171e+00
2.4254e+00
2.4337e+00
2.4420e+00
2.4503e+00
2.4586e+00
2.4669e+00
2.4752e+00
2.4835e+00
2.4918e+00
2.5001e+00
2.5084e+00
2.5167e+00
2.5250e+00
2.5333e+00
2.5416e+00
2.5499e+00
2.5582e+00
2.5665e+00
2.5748e+00
2.5831e+00
2.5914e+00
2.5997e+00
2.6080e+00
2.6163e+00
2.6246e+00
2.6329e+00
2.6412e+00
2.6495e+00
2.6578e+00
2.6661e+00
2.6744e+00
2.6827e+00
2.6910e+00
2.6993e+00
2.7076e+00
2.7159e+00
2.7242e+00
2.7325e+00
2.7408e+00
2.7491e+00
2.7574e+00
2.7657e+00
2.7740e+00
2.7823e+00
2.7906e+00
2.7989e+00
2.8072e+00
2.8155e+00
2.8238e+00
2.8321e+00
2.8404e+00
2.8487e+00
2.8570e+00
2.8653e+00
2.8736e+00
2.8819e+00
2.8902e+00
2.8985e+00
2.9068e+00
2.9151e+00
2.9234e+00
2.9317e+00
2.9400e+00
2.9483e+00
2.9566e+00
2.9649e+00
2.9732e+00
2.9815e+00
2.9898e+00
2.9981e+00
3.0064e+00
3.0147e+00
3.0230e+00
3.0313e+00
3.0396e+00
3.0478e+00
3.0562e+00
3.0645e+00
3.0727e+00
3.0810e+00
3.0894e+00
3.0976e+00
3.1059e+00
3.1142e+00
3.1225e+00
3.1309e+00
3.1391e+00
3.1474e+00
3.1557e+00
3.1640e+00
3.1723e+00
3.1806e+00
3.1889e+00
3.1972e+00
3.2055e+00
3.2138e+00
3.2221e+00
3.2304e+00
3.2387e+00
3.2470e+00
3.2553e+00
3.2636e+00
3.2719e+00
3.2802e+00
3.2885e+00
3.2968e+00
3.3051e+00
3.3134e+00
3.3217e+00
3.3300e+00
3.3383e+00
3.3466e+00
3.3549e+00
3.3632e+00
3.3715e+00
3.3798e+00
3.3881e+00
3.3964e+00
3.4047e+00
3.4130e+00
3.4213e+00
3.4296e+00
3.4379e+00
3.4462e+00
3.4545e+00
3.4628e+00
3.4711e+00
3.4794e+00
3.4877e+00
3.4960e+00
3.5043e+00
3.5126e+00
3.5209e+00
3.5292e+00
3.5375e+00
3.5458e+00
3.5541e+00
3.5624e+00
3.5707e+00
3.5790e+00
3.5873e+00
3.5956e+00
3.6039e+00
3.6122e+00
3.6205e+00
3.6288e+00
3.6371e+00
3.6454e+00
3.6537e+00
3.6620e+00
3.6703e+00
3.6786e+00
3.6869e+00
3.6952e+00
3.7035e+00
3.7118e+00
3.7201e+00
3.7284e+00
3.7367e+00
3.7450e+00
3.7533e+00
3.7616e+00
3.7699e+00
3.7782e+00
3.7865e+00
3.7948e+00
3.8031e+00
3.8114e+00
3.8197e+00
3.8280e+00
3.8363e+00
3.8446e+00
3.8529e+00
3.8612e+00
3.8695e+00
3.8778e+00
3.8861e+00
3.8944e+00
3.9027e+00
3.9110e+00
3.9193e+00
3.9276e+00
3.9359e+00
3.9442e+00
3.9525e+00
3.9608e+00
3.9691e+00
3.9774e+00
3.9857e+00
3.9940e+00
