1.164442062377929688e+00 7.689260244369506836e-01
1.167099952697753906e+00 8.019000291824340820e-01
1.177600026130676270e+00 8.158000111579895020e-01
1.177999973297119141e+00 8.163999915122985840e-01
1.178799986839294434e+00 8.177000284194946289e-01
1.179200053215026855e+00 8.184000253677368164e-01
1.179800033569335938e+00 8.198000192642211914e-01
1.202999949455261230e+00 8.805999755859375000e-01
1.207599997520446777e+00 8.913000226020812988e-01
1.236600041389465332e+00 9.584000110626220703e-01
1.241700053215026855e+00 9.690999984741210938e-01
1.282299995422363281e+00 1.022899985313415527e+00
1.288499951362609863e+00 1.031200051307678223e+00
1.330899953842163086e+00 1.087499976158142090e+00
1.335999965667724609e+00 1.093099951744079590e+00
1.500200033187866211e+00 1.184999942779541016e+00
1.508999943733215332e+00 1.190199971199035645e+00
1.643599987030029297e+00 1.136700034141540527e+00
1.651499986648559570e+00 1.133700013160705566e+00
1.728600025177001953e+00 1.105800032615661621e+00
1.795500040054321289e+00 1.081500053405761719e+00
1.783599972724914551e+00 1.082800030708312988e+00
1.776200056076049805e+00 1.077800035476684570e+00
1.774799942970275879e+00 1.076400041580200195e+00
1.774099946022033691e+00 1.074599981307983398e+00
1.774099946022033691e+00 1.072700023651123047e+00
1.774899959564208984e+00 1.070799946784973145e+00
1.863100051879882812e+00 9.405000209808349609e-01
1.874799966812133789e+00 9.214000105857849121e-01
1.896600008010864258e+00 8.840000033378601074e-01
1.896800041198730469e+00 8.834999799728393555e-01
1.896800041198730469e+00 8.833000063896179199e-01
1.896900057792663574e+00 8.828999996185302734e-01
1.896800041198730469e+00 8.824999928474426270e-01
1.896700024604797363e+00 8.822000026702880859e-01
1.896600008010864258e+00 8.819000124931335449e-01
1.896399974822998047e+00 8.813999891281127930e-01
1.896399974822998047e+00 8.809999823570251465e-01
1.896499991416931152e+00 8.805000185966491699e-01
1.896700024604797363e+00 8.801000118255615234e-01
1.902899980545043945e+00 8.694999814033508301e-01
1.903200030326843262e+00 8.690000176429748535e-01
1.903599977493286133e+00 8.687000274658203125e-01
1.905300021171569824e+00 8.662999868392944336e-01
2.002099990844726562e+00 7.080000042915344238e-01
2.002599954605102539e+00 7.071999907493591309e-01
2.100600004196166992e+00 5.468999743461608887e-01
2.111099958419799805e+00 5.242000222206115723e-01
2.106899976730346680e+00 5.170999765396118164e-01
2.105999946594238281e+00 5.088999867439270020e-01
2.109299898147583008e+00 4.993000030517578125e-01
2.121999979019165039e+00 4.747000038623809814e-01
2.136800050735473633e+00 4.426000118255615234e-01
2.137000083923339844e+00 4.420999884605407715e-01
2.150099992752075195e+00 4.097999930381774902e-01
2.158699989318847656e+00 3.858999907970428467e-01
2.162100076675415039e+00 3.765000104904174805e-01
2.172699928283691406e+00 3.427000045776367188e-01
2.181799888610839844e+00 3.084999918937683105e-01
2.189500093460083008e+00 2.739000022411346436e-01
2.195699930191040039e+00 2.389999926090240479e-01
2.199700117111206055e+00 2.087000012397766113e-01
2.200400114059448242e+00 2.037999927997589111e-01
2.203500032424926758e+00 1.685000061988830566e-01
2.204099893569946289e+00 1.565999984741210938e-01
2.205199956893920898e+00 1.331000030040740967e-01
2.205399990081787109e+00 9.759999811649322510e-02
2.204099893569946289e+00 6.210000067949295044e-02
2.202500104904174805e+00 3.900000080466270447e-02
2.200299978256225586e+00 1.600000075995922089e-02
2.198299884796142578e+00 -1.000000047497451305e-03
2.197700023651123047e+00 -7.000000216066837311e-03
2.194600105285644531e+00 -2.989999949932098389e-02
2.190900087356567383e+00 -5.279999971389770508e-02
2.186800003051757812e+00 -7.549999654293060303e-02
2.182100057601928711e+00 -9.820000082254409790e-02
2.177000045776367188e+00 -1.208000034093856812e-01
2.174799919128417969e+00 -1.292999982833862305e-01
2.171299934387207031e+00 -1.431999951601028442e-01
2.169699907302856445e+00 -1.491000056266784668e-01
2.165199995040893555e+00 -1.655000001192092896e-01
2.158600091934204102e+00 -1.876000016927719116e-01
2.151499986648559570e+00 -2.096000015735626221e-01
2.143899917602539062e+00 -2.313999980688095093e-01
2.135799884796142578e+00 -2.531000077724456787e-01
2.127300024032592773e+00 -2.745000123977661133e-01
2.126499891281127930e+00 -2.763999998569488525e-01
2.118299961090087891e+00 -2.958000004291534424e-01
2.108799934387207031e+00 -3.167999982833862305e-01
2.098900079727172852e+00 -3.375999927520751953e-01
2.088500022888183594e+00 -3.582000136375427246e-01
2.077699899673461914e+00 -3.785000145435333252e-01
2.066400051116943359e+00 -3.986000120639801025e-01
2.054699897766113281e+00 -4.183999896049499512e-01
2.042599916458129883e+00 -4.379999935626983643e-01
2.029999971389770508e+00 -4.571999907493591309e-01
2.017100095748901367e+00 -4.762000143527984619e-01
2.003700017929077148e+00 -4.948999881744384766e-01
1.994400024414062500e+00 -5.073000192642211914e-01
1.992300033569335938e+00 -5.113000273704528809e-01
1.992200016975402832e+00 -5.157999992370605469e-01
1.994099974632263184e+00 -5.199000239372253418e-01
1.997499942779541016e+00 -5.228000283241271973e-01
2.001899957656860352e+00 -5.238000154495239258e-01
1.994400024414062500e+00 -5.501999855041503906e-01
1.878700017929077148e+00 -6.829000115394592285e-01
1.876099944114685059e+00 -6.858000159263610840e-01
1.875499963760375977e+00 -6.863999962806701660e-01
1.752599954605102539e+00 -8.255000114440917969e-01
1.752099990844726562e+00 -8.263999819755554199e-01
1.738899946212768555e+00 -8.396999835968017578e-01
1.731699943542480469e+00 -8.416000008583068848e-01
1.727399945259094238e+00 -8.432000279426574707e-01
1.721899986267089844e+00 -8.458999991416931152e-01
1.715499997138977051e+00 -8.499000072479248047e-01
1.710700035095214844e+00 -8.536999821662902832e-01
1.707499980926513672e+00 -8.568999767303466797e-01
1.704499959945678711e+00 -8.601999878883361816e-01
1.702100038528442383e+00 -8.633000254631042480e-01
1.686800003051757812e+00 -8.880000114440917969e-01
1.673699975013732910e+00 -9.093000292778015137e-01
1.665199995040893555e+00 -9.240000247955322266e-01
1.658100008964538574e+00 -9.368000030517578125e-01
1.649099946022033691e+00 -9.563999772071838379e-01
1.643100023269653320e+00 -9.720000028610229492e-01
1.638499975204467773e+00 -9.861999750137329102e-01
1.635800004005432129e+00 -9.952999949455261230e-01
1.636100053787231445e+00 -9.969999790191650391e-01
1.635200023651123047e+00 -9.993000030517578125e-01
1.579399943351745605e+00 -1.207700014114379883e+00
1.579300045967102051e+00 -1.208999991416931152e+00
1.567499995231628418e+00 -1.208999991416931152e+00
1.565600037574768066e+00 -1.209200024604797363e+00
1.563400030136108398e+00 -1.209900021553039551e+00
1.561699986457824707e+00 -1.210800051689147949e+00
1.557999968528747559e+00 -1.213000059127807617e+00
1.556399941444396973e+00 -1.214400053024291992e+00
1.555299997329711914e+00 -1.215899944305419922e+00
1.554399967193603516e+00 -1.217700004577636719e+00
1.555299997329711914e+00 -1.184000015258789062e+00
1.555299997329711914e+00 -1.176399946212768555e+00
1.554999947547912598e+00 -1.174999952316284180e+00
1.554999947547912598e+00 -1.174700021743774414e+00
1.554100036621093750e+00 -1.173200011253356934e+00
1.487200021743774414e+00 -1.093199968338012695e+00
1.482100009918212891e+00 -1.087200045585632324e+00
1.462900042533874512e+00 -1.064200043678283691e+00
1.461199998855590820e+00 -1.062899947166442871e+00
1.458999991416931152e+00 -1.062399983406066895e+00
1.325600028038024902e+00 -1.062399983406066895e+00
1.322499990463256836e+00 -1.063500046730041504e+00
1.319900035858154297e+00 -1.065600037574768066e+00
1.313699960708618164e+00 -1.070600032806396484e+00
1.281800031661987305e+00 -1.096400022506713867e+00
1.280400037765502930e+00 -1.098099946975708008e+00
1.279899954795837402e+00 -1.100299954414367676e+00
1.279899954795837402e+00 -1.102100014686584473e+00
1.279899954795837402e+00 -1.123100042343139648e+00
1.243999958038330078e+00 -1.143100023269653320e+00
1.243999958038330078e+00 -1.142400026321411133e+00
1.243700027465820312e+00 -1.141800045967102051e+00
1.233999967575073242e+00 -1.128000020980834961e+00
1.232699990272521973e+00 -1.125900030136108398e+00
1.231999993324279785e+00 -1.125300049781799316e+00
1.235499978065490723e+00 -1.124300003051757812e+00
1.235999941825866699e+00 -1.123399972915649414e+00
1.282899975776672363e+00 -9.871000051498413086e-01
1.283100008964538574e+00 -9.847000241279602051e-01
1.282299995422363281e+00 -9.825000166893005371e-01
1.280500054359436035e+00 -9.810000061988830566e-01
1.286999940872192383e+00 -9.750000238418579102e-01
1.287199974060058594e+00 -9.739999771118164062e-01
1.287799954414367676e+00 -9.569000005722045898e-01
1.287199974060058594e+00 -9.398000240325927734e-01
1.285400032997131348e+00 -9.229000210762023926e-01
1.282400012016296387e+00 -9.060999751091003418e-01
1.278300046920776367e+00 -8.895000219345092773e-01
1.272899985313415527e+00 -8.733000159263610840e-01
1.266399979591369629e+00 -8.575000166893005371e-01
1.258800029754638672e+00 -8.421999812126159668e-01
1.250100016593933105e+00 -8.274999856948852539e-01
1.250000000000000000e+00 -8.273000121116638184e-01
1.249699950218200684e+00 -8.270000219345092773e-01
1.249500036239624023e+00 -8.266999721527099609e-01
1.249199986457824707e+00 -8.263999819755554199e-01
1.246600031852722168e+00 -8.198000192642211914e-01
1.189900040626525879e+00 -7.311999797821044922e-01
1.189200043678283691e+00 -7.304000258445739746e-01
1.188199996948242188e+00 -7.299000024795532227e-01
1.187100052833557129e+00 -7.297999858856201172e-01
1.187299966812133789e+00 -7.271000146865844727e-01
1.186699986457824707e+00 -7.261000275611877441e-01
1.144999980926513672e+00 -6.614999771118164062e-01
1.143100023269653320e+00 -6.596999764442443848e-01
1.140799999237060547e+00 -6.585000157356262207e-01
1.138299942016601562e+00 -6.578999757766723633e-01
1.111734151840209961e+00 -5.815991759300231934e-01
1.096696615219116211e+00 -5.148413777351379395e-01
1.083495616912841797e+00 -4.476968348026275635e-01
1.072141170501708984e+00 -3.802149593830108643e-01
1.062641382217407227e+00 -3.124471008777618408e-01
1.055003643035888672e+00 -2.444441467523574829e-01
1.049233913421630859e+00 -1.762579232454299927e-01
1.045336008071899414e+00 -1.079385280609130859e-01
1.043313503265380859e+00 -3.953793644905090332e-02
1.043167591094970703e+00 2.889180555939674377e-02
1.044898271560668945e+00 9.730040282011032104e-02
1.048504352569580078e+00 1.656358093023300171e-01
1.053983211517333984e+00 2.338460236787796021e-01
1.061330556869506836e+00 3.018809258937835693e-01
1.070540904998779297e+00 3.696887791156768799e-01
1.081607341766357422e+00 4.372178912162780762e-01
1.094521760940551758e+00 5.044186711311340332e-01
1.109274387359619141e+00 5.712401270866394043e-01
1.125853776931762695e+00 6.376317739486694336e-01
1.144247531890869141e+00 7.035431861877441406e-01
1.164442062377929688e+00 7.689260244369506836e-01
