0.626581
0.626802
0.628357
0.628446
0.628447
0.628448
0.624462
0.624462
0.624624
0.624628
0.624761
0.625369
0.625369
0.625371
0.625544
0.625791
0.625792
0.625957
0.625968
0.625968
0.622351
0.622352
0.622472
0.622731
0.622734
0.623100
0.623101
0.623401
0.623423
0.623425
0.623507
0.619802
0.620141
0.620161
0.620391
0.620453
0.620453
0.620930
0.621283
0.621304
0.617050
0.617382
0.617382
0.617383
0.617606
0.617667
0.617888
0.617891
0.618121
0.618213
0.618216
0.618504
0.618523
0.618526
0.618559
0.618752
0.618847
0.619003
0.619061
0.619390
0.619434
0.619470
1.280341
1.280350
1.280780
1.281107
1.281119
1.281123
1.281145
1.281429
1.281766
1.281769
1.282096
1.282152
1.282428
1.282476
1.282590
1.282667
1.282675
1.282679
1.278078
1.278148
1.278158
1.278158
1.278159
1.278160
1.278434
1.278440
1.278440
1.278441
1.278471
1.278471
1.278483
1.278556
1.278556
1.278557
1.278698
1.278910
1.279301
1.279305
1.279664
1.279672
1.279676
1.279815
1.275359
1.275590
1.275598
1.275603
1.275605
1.275860
1.275865
1.275868
1.276151
1.276151
1.276231
1.276232
1.276232
1.276390
1.276392
1.276392
1.276402
1.276416
1.276666
1.276669
1.276670
1.276759
1.272567
1.273010
1.273011
1.273088
1.273094
1.273094
1.273109
1.273116
1.273116
1.273469
1.273672
1.273723
1.273727
1.274037
1.274148
1.274150
1.274150
1.274157
1.274167
1.274198
1.274654
1.274674
1.274677
1.274679
1.274702
1.269966
1.270297
1.270298
1.270586
1.270589
1.270595
1.270595
1.271084
1.271212
1.271216
1.271448
1.271725
1.271787
1.271866
1.271867
1.271947
1.271959
1.271959
1.271960
1.271962
1.271962
1.271963
