0.636072
0.636074
0.636120
0.636123
0.636129
0.636659
0.636934
0.637348
0.637351
0.633767
0.633768
0.634119
0.634431
0.634436
0.634781
0.635134
0.635136
0.631371
0.631373
0.631387
0.631552
0.631568
0.631684
0.631796
0.631798
0.631816
0.631817
0.632094
0.627995
0.628235
0.628267
0.628267
0.628359
0.628381
0.628383
0.628477
0.628479
0.628480
0.628480
0.628488
0.628492
0.628501
0.628502
0.628503
0.628504
0.628505
0.628506
0.628506
0.628518
0.628518
0.628548
0.628551
0.628551
0.628557
0.628559
0.628564
0.628565
0.628571
0.628579
0.628580
0.628580
0.628597
0.628604
0.628659
0.628662
0.628664
0.628666
0.628671
0.628674
0.628722
0.629122
0.629366
0.629367
0.629369
0.629676
0.629676
0.629699
0.629774
0.629887
0.629995
0.630027
0.630099
0.630101
0.630102
0.630105
0.630235
0.630316
0.630484
0.630515
0.630516
0.630612
0.630613
0.630614
0.630618
0.630688
0.630707
0.630906
0.630968
0.625993
0.626028
0.626235
0.626244
0.626263
0.626288
0.626522
0.626522
0.626527
0.626538
0.626760
0.626763
0.626773
0.626774
0.626909
0.627015
0.627203
0.627206
0.627469
0.627534
0.627576
0.627673
0.627675
0.627689
0.627689
1.289098
1.289102
1.289125
1.289680
1.290167
1.290251
1.290251
1.290445
1.290576
1.290581
1.290954
1.290979
1.290980
1.291410
1.291413
1.291447
1.291450
1.291723
1.291771
1.291898
1.291898
1.292165
1.292165
1.292249
1.292465
1.292497
1.292510
1.293237
1.293441
1.293443
1.293455
1.293578
1.293706
1.293945
1.293977
1.294538
1.295063
1.295075
1.295432
1.295630
1.295851
1.296224
1.296227
1.296503
1.296709
1.296885
1.296898
1.296899
1.297192
1.297205
1.297511
1.297526
1.297972
1.297973
1.298108
1.298392
1.298393
1.298639
1.299083
1.299097
1.299098
1.299099
1.299344
1.299830
1.300143
1.300145
1.300287
1.300922
1.301865
1.301976
1.302331
1.302800
1.303139
1.303439
1.303694
1.303740
1.303743
1.303918
1.303960
1.303966
1.304598
1.305334
1.305560
1.305737
1.305839
1.305906
1.305947
1.306298
1.306790
1.306790
1.307120
1.307240
1.307266
1.307390
1.307918
1.307977
1.308263
1.308277
1.308720
1.309469
1.309470
1.309836
1.309837
1.309838
1.309840
1.310235
1.310236
1.310320
1.310655
1.310657
1.310678
1.311190
1.311193
1.311273
1.311379
1.311527
1.311527
1.311684
1.312039
1.312126
1.312128
1.312610
1.312697
1.312711
1.312916
1.313040
1.313186
1.313186
1.313197
1.313199
1.313324
1.313433
1.313561
1.313572
1.313682
1.314050
1.314064
1.314178
1.314180
1.314551
1.315093
1.315134
1.315143
1.315226
1.315228
1.315370
1.315502
1.315595
1.315607
1.315620
1.315787
1.315821
1.315938
1.316215
1.316362
1.316374
1.316412
1.316433
1.316746
1.317049
1.317053
1.317488
1.317490
1.317726
1.317861
1.285700
1.285778
1.286235
1.286391
1.286512
1.286614
1.286676
1.286807
1.287309
1.287654
1.287655
1.287918
1.287930
1.287943
1.288060
1.288217
1.288230
1.288238
1.288249
1.288489
1.288604
1.288708
1.289098
1.289102
1.289125
1.289680
1.290167
1.290251
1.290251
1.290445
1.290576
1.290581
1.290954
1.290979
1.290980
1.291410
1.291413
1.291447
1.291450
1.291723
1.291771
1.291898
1.291898
1.292165
1.292165
1.292249
1.292465
1.292497
1.292510
1.293237
1.293441
1.293443
1.293455
1.293578
1.293706
1.293945
1.293977
1.294538
1.295063
1.295075
1.295432
1.295630
1.295851
1.296224
1.296227
1.296503
1.296709
1.296885
1.296898
1.296899
1.297192
1.297205
1.297511
1.297526
1.297972
1.297973
1.298108
1.298392
1.298393
1.298639
1.299083
1.299097
1.299098
1.299099
1.299344
1.299830
1.300143
1.300145
1.300287
1.300922
1.301865
1.301976
1.302331
1.302800
1.303139
1.303439
1.303694
1.303740
1.303743
1.303918
1.303960
1.303966
1.304598
1.305334
1.305560
1.305737
1.305839
1.305906
1.305947
1.306298
1.306790
1.306790
1.307120
1.307240
1.307266
1.307390
1.307918
1.307977
1.308263
1.308277
1.308720
1.309469
1.309470
1.309836
1.309837
1.309838
1.309840
1.310235
1.310236
1.310320
1.310655
1.310657
1.283064
1.283146
1.283150
1.283291
1.283471
1.283551
1.283552
1.283652
1.283678
1.283686
1.283687
1.283914
1.283935
1.283935
1.284038
1.284039
1.284196
1.284334
1.284545
1.284547
1.284568
1.284570
1.284574
1.284872
1.284872
1.284960
1.280485
1.280679
1.280681
1.280739
1.280740
1.280741
1.280805
1.280840
1.281035
1.281239
1.281322
1.281586
1.281619
1.281876
1.281911
1.281928
1.282013
1.282014
1.282169
1.282250
1.282499
1.282564
1.282567
1.282586
1.282658
1.278137
1.278282
1.278282
1.278535
1.278536
1.278536
1.278539
1.278615
1.278615
1.278615
1.278871
1.279179
1.279187
1.279188
1.279189
1.279191
1.279441
1.279501
1.279589
1.279593
1.279689
1.280018
1.280019
1.280105
1.280105
