0.531336
0.531336
0.531337
0.531365
0.531827
0.531870
0.532204
0.532492
0.532532
0.532533
0.528778
0.528804
0.528805
0.529155
0.529156
0.529157
0.529656
0.529657
0.529753
0.529753
0.529901
0.529969
0.529974
0.530313
0.530854
0.525710
0.525805
0.525812
0.526014
0.526203
0.526324
0.526326
0.526603
0.526825
0.526827
0.526842
0.527201
0.527203
0.527204
0.527209
0.527212
0.527297
0.528104
0.528308
0.522999
0.523000
0.523002
0.523184
0.523201
0.523202
0.523332
0.523333
0.523456
0.523498
0.523633
0.523723
0.523756
0.523827
0.523890
0.524157
0.524160
0.524161
0.524172
0.524448
0.524449
0.524451
0.524757
0.524843
0.524994
0.525046
0.525050
0.525234
0.525288
0.525341
0.525349
0.520416
0.520416
0.520417
0.520528
0.520785
0.521055
0.521056
0.521129
0.521367
0.521499
0.521702
0.521705
0.521929
0.522307
0.522337
0.522449
0.522449
1.281881
1.281882
1.282043
1.282220
1.282224
1.282598
1.282873
1.282875
1.283061
1.283064
1.283081
1.283082
1.283084
1.283205
1.283799
1.283818
1.284111
1.284127
1.284216
1.284216
1.284236
1.284277
1.279581
1.279643
1.279645
1.280097
1.280270
1.280498
1.280717
1.280768
1.281004
1.277138
1.277242
1.277243
1.277457
1.277461
1.277651
1.277916
1.278208
1.278214
1.278567
1.278727
1.278728
1.278998
1.279234
1.279269
1.279293
1.275175
1.275175
1.275180
1.275183
1.275454
1.275458
1.275460
1.275472
1.275606
1.275897
1.275898
1.276294
1.276311
1.276328
1.276330
1.276332
1.276407
1.276418
1.276725
1.276738
1.272981
1.272981
1.273027
1.273145
1.273146
1.273755
1.273755
1.273756
1.273864
1.273867
1.273873
1.273889
1.273893
1.274211
1.274218
1.274220
1.274275
1.274277
1.274425
