1.0057e+00
1.0140e+00
1.0223e+00
1.0306e+00
1.0389e+00
1.0472e+00
1.0555e+00
1.0638e+00
1.0721e+00
1.0804e+00
1.0887e+00
1.0970e+00
1.1053e+00
1.1136e+00
1.1219e+00
1.1302e+00
1.1385e+00
1.1468e+00
1.1551e+00
1.1634e+00
1.1717e+00
1.1800e+00
1.1883e+00
1.1966e+00
1.2049e+00
1.2132e+00
1.2215e+00
1.2298e+00
1.2381e+00
1.2464e+00
1.2547e+00
1.2630e+00
1.2713e+00
1.2796e+00
1.2879e+00
1.2962e+00
1.3045e+00
1.3128e+00
1.3211e+00
1.3294e+00
1.3377e+00
1.3460e+00
1.3543e+00
1.3626e+00
1.3709e+00
1.3792e+00
1.3875e+00
1.3958e+00
1.4041e+00
1.4124e+00
1.4207e+00
1.4290e+00
1.4373e+00
1.4456e+00
1.4539e+00
1.4622e+00
1.4705e+00
1.4788e+00
1.4871e+00
1.4954e+00
1.5037e+00
1.5120e+00
1.5203e+00
1.5286e+00
1.5369e+00
1.5452e+00
1.5535e+00
1.5618e+00
1.5701e+00
1.5784e+00
1.5867e+00
1.5950e+00
1.6033e+00
1.6116e+00
1.6199e+00
1.6282e+00
1.6365e+00
1.6448e+00
1.6531e+00
1.6614e+00
1.6697e+00
1.6780e+00
1.6863e+00
1.6946e+00
1.7029e+00
1.7112e+00
1.7195e+00
1.7278e+00
1.7361e+00
1.7444e+00
1.7527e+00
1.7610e+00
1.7693e+00
1.7776e+00
1.7859e+00
1.7942e+00
1.8025e+00
1.8108e+00
1.8191e+00
1.8274e+00
1.8357e+00
1.8440e+00
1.8523e+00
1.8606e+00
1.8689e+00
1.8772e+00
1.8855e+00
1.8938e+00
1.9021e+00
1.9104e+00
1.9187e+00
1.9270e+00
1.9353e+00
1.9436e+00
1.9519e+00
1.9602e+00
1.9685e+00
1.9768e+00
1.9851e+00
1.9934e+00
2.0017e+00
2.0100e+00
2.0183e+00
2.0266e+00
2.0349e+00
2.0432e+00
2.0515e+00
2.0598e+00
2.0681e+00
2.0764e+00
2.0847e+00
2.0930e+00
2.1013e+00
2.1096e+00
2.1179e+00
2.1262e+00
2.1345e+00
2.1428e+00
2.1511e+00
2.1594e+00
2.1677e+00
2.1760e+00
2.1843e+00
2.1925e+00
2.2008e+00
2.2091e+00
2.2174e+00
2.2257e+00
2.2340e+00
2.2423e+00
2.2506e+00
2.2589e+00
2.2672e+00
2.2755e+00
2.2838e+00
2.2921e+00
2.3004e+00
2.3087e+00
2.3170e+00
2.3253e+00
2.3336e+00
2.3419e+00
2.3502e+00
2.3585e+00
2.3668e+00
2.3751e+00
2.3834e+00
2.3917e+00
2.4000e+00
2.4083e+00
2.4166e+00
2.4249e+00
2.4332e+00
2.4415e+00
2.4498e+00
2.4581e+00
2.4664e+00
2.4747e+00
2.4830e+00
2.4913e+00
2.4996e+00
2.5079e+00
2.5162e+00
2.5245e+00
2.5328e+00
2.5411e+00
2.5494e+00
2.5577e+00
2.5660e+00
2.5743e+00
2.5826e+00
2.5909e+00
2.5992e+00
2.6075e+00
2.6158e+00
2.6241e+00
2.6324e+00
2.6407e+00
2.6490e+00
2.6573e+00
2.6656e+00
2.6739e+00
2.6822e+00
2.6905e+00
2.6988e+00
2.7071e+00
2.7154e+00
2.7237e+00
2.7320e+00
2.7403e+00
2.7486e+00
2.7569e+00
2.7652e+00
2.7735e+00
2.7818e+00
2.7901e+00
2.7984e+00
2.8067e+00
2.8150e+00
2.8233e+00
2.8316e+00
2.8399e+00
2.8482e+00
2.8565e+00
2.8648e+00
2.8731e+00
2.8814e+00
2.8897e+00
2.8980e+00
2.9063e+00
2.9146e+00
2.9229e+00
2.9312e+00
2.9395e+00
2.9478e+00
2.9561e+00
2.9644e+00
2.9727e+00
2.9810e+00
2.9893e+00
2.9976e+00
3.0059e+00
3.0142e+00
3.0225e+00
3.0308e+00
3.0391e+00
3.0474e+00
3.0557e+00
3.0640e+00
3.0723e+00
3.0806e+00
3.0889e+00
3.0972e+00
