1.0080e+00
1.0163e+00
1.0246e+00
1.0329e+00
1.0412e+00
1.0495e+00
1.0578e+00
1.0661e+00
1.0744e+00
1.0827e+00
1.0910e+00
1.0993e+00
1.1076e+00
1.1159e+00
1.1242e+00
1.1325e+00
1.1408e+00
1.1491e+00
1.1574e+00
1.1657e+00
1.1740e+00
1.1823e+00
1.1906e+00
1.1989e+00
1.2072e+00
1.2155e+00
1.2238e+00
1.2321e+00
1.2404e+00
1.2487e+00
1.2570e+00
1.2653e+00
1.2736e+00
1.2819e+00
1.2902e+00
1.2985e+00
1.3068e+00
1.3151e+00
1.3234e+00
1.3317e+00
1.3400e+00
1.3483e+00
1.3566e+00
1.3649e+00
1.3732e+00
1.3815e+00
1.3898e+00
1.3981e+00
1.4064e+00
1.4147e+00
1.4230e+00
1.4313e+00
1.4396e+00
1.4479e+00
1.4562e+00
1.4645e+00
1.4728e+00
1.4811e+00
1.4894e+00
1.4977e+00
1.5060e+00
1.5143e+00
1.5226e+00
1.5309e+00
1.5392e+00
1.5475e+00
1.5558e+00
1.5641e+00
1.5724e+00
1.5807e+00
1.5890e+00
1.5973e+00
1.6056e+00
1.6139e+00
1.6222e+00
1.6305e+00
1.6388e+00
1.6471e+00
1.6554e+00
1.6637e+00
1.6720e+00
1.6803e+00
1.6886e+00
1.6969e+00
1.7052e+00
1.7135e+00
1.7218e+00
1.7301e+00
1.7384e+00
1.7467e+00
1.7550e+00
1.7633e+00
1.7716e+00
1.7799e+00
1.7882e+00
1.7965e+00
1.8048e+00
1.8131e+00
1.8214e+00
1.8297e+00
1.8380e+00
1.8463e+00
1.8546e+00
1.8629e+00
1.8712e+00
1.8795e+00
1.8878e+00
1.8961e+00
1.9044e+00
1.9127e+00
1.9210e+00
1.9293e+00
1.9376e+00
1.9459e+00
1.9542e+00
1.9624e+00
1.9707e+00
1.9790e+00
1.9873e+00
1.9956e+00
2.0039e+00
2.0122e+00
2.0205e+00
2.0288e+00
2.0371e+00
2.0454e+00
2.0537e+00
2.0620e+00
2.0703e+00
2.0786e+00
2.0869e+00
2.0952e+00
2.1035e+00
2.1118e+00
2.1201e+00
2.1284e+00
2.1367e+00
2.1450e+00
2.1533e+00
2.1616e+00
2.1699e+00
2.1782e+00
2.1865e+00
2.1948e+00
2.2031e+00
2.2114e+00
2.2197e+00
2.2280e+00
2.2363e+00
2.2446e+00
2.2529e+00
2.2612e+00
2.2695e+00
2.2778e+00
2.2861e+00
2.2944e+00
2.3027e+00
2.3110e+00
2.3193e+00
2.3276e+00
2.3359e+00
2.3442e+00
2.3525e+00
2.3608e+00
2.3691e+00
2.3774e+00
2.3857e+00
2.3940e+00
2.4023e+00
2.4106e+00
2.4189e+00
2.4272e+00
2.4355e+00
2.4438e+00
2.4521e+00
2.4604e+00
2.4687e+00
2.4770e+00
2.4853e+00
2.4936e+00
2.5019e+00
2.5102e+00
2.5185e+00
2.5268e+00
2.5351e+00
2.5434e+00
2.5517e+00
2.5600e+00
2.5683e+00
2.5766e+00
2.5849e+00
2.5932e+00
2.6015e+00
2.6098e+00
2.6181e+00
2.6264e+00
2.6347e+00
2.6430e+00
2.6513e+00
2.6596e+00
2.6679e+00
2.6762e+00
2.6845e+00
2.6928e+00
2.7011e+00
2.7094e+00
2.7177e+00
2.7260e+00
2.7343e+00
2.7426e+00
2.7509e+00
2.7592e+00
2.7675e+00
2.7758e+00
2.7841e+00
2.7924e+00
2.8007e+00
2.8090e+00
2.8173e+00
2.8256e+00
2.8339e+00
2.8422e+00
2.8505e+00
2.8588e+00
2.8671e+00
2.8754e+00
2.8837e+00
2.8920e+00
2.9003e+00
2.9086e+00
2.9169e+00
2.9252e+00
2.9335e+00
2.9418e+00
2.9501e+00
2.9584e+00
2.9667e+00
2.9750e+00
2.9833e+00
2.9916e+00
2.9999e+00
