1.0053e+00
1.0136e+00
1.0219e+00
1.0302e+00
1.0385e+00
1.0468e+00
1.0551e+00
1.0634e+00
1.0717e+00
1.0800e+00
1.0883e+00
1.0966e+00
1.1049e+00
1.1132e+00
1.1215e+00
1.1298e+00
1.1381e+00
1.1464e+00
1.1547e+00
1.1630e+00
1.1713e+00
1.1796e+00
1.1879e+00
1.1962e+00
1.2045e+00
1.2128e+00
1.2211e+00
1.2294e+00
1.2377e+00
1.2460e+00
1.2543e+00
1.2626e+00
1.2709e+00
1.2792e+00
1.2875e+00
1.2958e+00
1.3041e+00
1.3124e+00
1.3207e+00
1.3290e+00
1.3373e+00
1.3456e+00
1.3539e+00
1.3622e+00
1.3705e+00
1.3788e+00
1.3871e+00
1.3954e+00
1.4037e+00
1.4120e+00
1.4203e+00
1.4286e+00
1.4369e+00
1.4452e+00
1.4535e+00
1.4618e+00
1.4701e+00
1.4784e+00
1.4867e+00
1.4950e+00
1.5033e+00
1.5116e+00
1.5199e+00
1.5282e+00
1.5365e+00
1.5448e+00
1.5531e+00
1.5614e+00
1.5697e+00
1.5780e+00
1.5863e+00
1.5946e+00
1.6028e+00
1.6111e+00
1.6194e+00
1.6277e+00
1.6360e+00
1.6443e+00
1.6526e+00
1.6609e+00
1.6692e+00
1.6775e+00
1.6858e+00
1.6941e+00
1.7024e+00
1.7107e+00
1.7190e+00
1.7273e+00
1.7356e+00
1.7439e+00
1.7522e+00
1.7605e+00
1.7688e+00
1.7771e+00
1.7854e+00
1.7937e+00
1.8020e+00
1.8103e+00
1.8186e+00
1.8269e+00
1.8352e+00
1.8435e+00
1.8518e+00
1.8601e+00
1.8684e+00
1.8767e+00
1.8850e+00
1.8933e+00
1.9016e+00
1.9099e+00
1.9182e+00
1.9265e+00
1.9348e+00
1.9431e+00
1.9514e+00
1.9597e+00
1.9680e+00
1.9763e+00
1.9846e+00
1.9929e+00
2.0012e+00
2.0095e+00
2.0178e+00
2.0261e+00
2.0344e+00
2.0427e+00
2.0510e+00
2.0593e+00
2.0676e+00
2.0759e+00
2.0842e+00
2.0925e+00
2.1008e+00
2.1091e+00
2.1174e+00
2.1257e+00
2.1340e+00
2.1423e+00
2.1506e+00
2.1589e+00
2.1672e+00
2.1755e+00
2.1838e+00
2.1921e+00
2.2004e+00
2.2087e+00
2.2170e+00
2.2253e+00
2.2336e+00
2.2419e+00
2.2502e+00
2.2585e+00
2.2668e+00
2.2751e+00
2.2834e+00
2.2917e+00
2.3000e+00
2.3083e+00
2.3166e+00
2.3249e+00
2.3332e+00
2.3415e+00
2.3498e+00
2.3581e+00
2.3664e+00
2.3747e+00
2.3830e+00
2.3913e+00
2.3996e+00
2.4079e+00
2.4162e+00
2.4245e+00
2.4328e+00
2.4411e+00
2.4494e+00
2.4577e+00
2.4660e+00
2.4743e+00
2.4826e+00
2.4909e+00
2.4992e+00
2.5075e+00
2.5158e+00
2.5241e+00
2.5324e+00
2.5407e+00
2.5490e+00
2.5573e+00
2.5656e+00
2.5739e+00
2.5822e+00
2.5905e+00
2.5988e+00
2.6071e+00
2.6154e+00
2.6237e+00
2.6320e+00
2.6403e+00
2.6486e+00
2.6569e+00
2.6652e+00
2.6735e+00
2.6818e+00
2.6901e+00
2.6984e+00
2.7067e+00
2.7150e+00
2.7233e+00
2.7316e+00
2.7399e+00
2.7482e+00
2.7565e+00
2.7648e+00
2.7731e+00
2.7813e+00
2.7896e+00
2.7979e+00
2.8062e+00
2.8145e+00
2.8228e+00
2.8311e+00
2.8394e+00
2.8477e+00
2.8560e+00
2.8643e+00
2.8726e+00
2.8809e+00
2.8892e+00
2.8975e+00
2.9058e+00
2.9141e+00
2.9224e+00
2.9307e+00
2.9390e+00
2.9473e+00
2.9556e+00
2.9639e+00
2.9722e+00
2.9805e+00
2.9888e+00
2.9971e+00
3.0054e+00
3.0137e+00
3.0220e+00
3.0303e+00
3.0386e+00
3.0469e+00
3.0552e+00
3.0635e+00
3.0718e+00
3.0801e+00
3.0884e+00
3.0967e+00
3.1050e+00
3.1133e+00
3.1216e+00
3.1299e+00
3.1382e+00
3.1465e+00
3.1548e+00
3.1631e+00
3.1714e+00
3.1797e+00
3.1880e+00
3.1963e+00
3.2046e+00
3.2129e+00
3.2212e+00
3.2295e+00
3.2378e+00
3.2461e+00
3.2544e+00
3.2627e+00
3.2710e+00
3.2793e+00
3.2876e+00
3.2959e+00
3.3042e+00
3.3125e+00
3.3208e+00
3.3291e+00
3.3374e+00
3.3457e+00
3.3540e+00
3.3623e+00
3.3706e+00
3.3789e+00
3.3872e+00
3.3955e+00
3.4038e+00
3.4121e+00
3.4204e+00
3.4287e+00
3.4370e+00
3.4453e+00
3.4536e+00
3.4619e+00
3.4702e+00
3.4785e+00
3.4868e+00
3.4951e+00
3.5034e+00
3.5117e+00
3.5200e+00
3.5283e+00
3.5366e+00
3.5449e+00
3.5532e+00
3.5615e+00
3.5698e+00
3.5781e+00
3.5864e+00
3.5947e+00
3.6030e+00
3.6113e+00
3.6196e+00
3.6279e+00
3.6362e+00
3.6445e+00
3.6528e+00
3.6611e+00
3.6694e+00
3.6777e+00
3.6860e+00
3.6943e+00
3.7026e+00
3.7109e+00
3.7192e+00
3.7275e+00
3.7358e+00
3.7441e+00
3.7524e+00
3.7607e+00
3.7690e+00
3.7773e+00
3.7856e+00
3.7939e+00
3.8022e+00
3.8105e+00
3.8188e+00
3.8271e+00
3.8354e+00
3.8437e+00
3.8520e+00
3.8603e+00
3.8686e+00
3.8769e+00
3.8852e+00
3.8935e+00
3.9018e+00
3.9101e+00
3.9184e+00
3.9267e+00
3.9350e+00
3.9433e+00
3.9516e+00
3.9599e+00
3.9681e+00
3.9764e+00
3.9847e+00
3.9930e+00
