1.0082e+00
1.0165e+00
1.0248e+00
1.0331e+00
1.0414e+00
1.0497e+00
1.0580e+00
1.0663e+00
1.0746e+00
1.0829e+00
1.0912e+00
1.0995e+00
1.1078e+00
1.1161e+00
1.1244e+00
1.1327e+00
1.1410e+00
1.1493e+00
1.1576e+00
1.1659e+00
1.1742e+00
1.1825e+00
1.1908e+00
1.1991e+00
1.2074e+00
1.2157e+00
1.2240e+00
1.2323e+00
1.2406e+00
1.2489e+00
1.2572e+00
1.2655e+00
1.2738e+00
1.2821e+00
1.2904e+00
1.2987e+00
1.3070e+00
1.3153e+00
1.3236e+00
1.3319e+00
1.3402e+00
1.3485e+00
1.3568e+00
1.3651e+00
1.3734e+00
1.3817e+00
1.3900e+00
1.3983e+00
1.4066e+00
1.4149e+00
1.4232e+00
1.4315e+00
1.4398e+00
1.4481e+00
1.4564e+00
1.4647e+00
1.4730e+00
1.4813e+00
1.4896e+00
1.4979e+00
1.5062e+00
1.5145e+00
1.5228e+00
1.5311e+00
1.5394e+00
1.5477e+00
1.5560e+00
1.5643e+00
1.5726e+00
1.5809e+00
1.5892e+00
1.5975e+00
1.6058e+00
1.6141e+00
1.6224e+00
1.6307e+00
1.6390e+00
1.6473e+00
1.6556e+00
1.6639e+00
1.6722e+00
1.6805e+00
1.6888e+00
1.6971e+00
1.7054e+00
1.7137e+00
1.7220e+00
1.7303e+00
1.7386e+00
1.7469e+00
1.7552e+00
1.7635e+00
1.7718e+00
1.7801e+00
1.7884e+00
1.7967e+00
1.8050e+00
1.8133e+00
1.8216e+00
1.8299e+00
1.8382e+00
1.8465e+00
1.8548e+00
1.8631e+00
1.8714e+00
1.8797e+00
1.8880e+00
1.8963e+00
1.9046e+00
1.9129e+00
1.9212e+00
1.9295e+00
1.9378e+00
1.9461e+00
1.9544e+00
1.9627e+00
1.9710e+00
1.9793e+00
1.9876e+00
1.9959e+00
2.0042e+00
2.0125e+00
2.0208e+00
2.0291e+00
2.0373e+00
2.0456e+00
2.0539e+00
2.0623e+00
2.0706e+00
2.0788e+00
2.0871e+00
2.0954e+00
2.1037e+00
2.1120e+00
2.1203e+00
2.1286e+00
2.1369e+00
2.1452e+00
2.1535e+00
2.1618e+00
2.1701e+00
2.1784e+00
2.1867e+00
2.1950e+00
2.2033e+00
2.2116e+00
2.2199e+00
2.2282e+00
2.2365e+00
2.2448e+00
2.2531e+00
2.2614e+00
2.2697e+00
2.2780e+00
2.2863e+00
2.2946e+00
2.3029e+00
2.3112e+00
2.3195e+00
2.3278e+00
2.3361e+00
2.3444e+00
2.3527e+00
2.3610e+00
2.3693e+00
2.3776e+00
2.3859e+00
2.3942e+00
2.4025e+00
2.4108e+00
2.4191e+00
2.4274e+00
2.4357e+00
2.4440e+00
2.4523e+00
2.4606e+00
2.4689e+00
2.4772e+00
2.4855e+00
2.4938e+00
2.5021e+00
2.5104e+00
2.5187e+00
2.5270e+00
2.5353e+00
2.5436e+00
2.5519e+00
2.5602e+00
2.5685e+00
2.5768e+00
2.5851e+00
2.5934e+00
2.6017e+00
2.6100e+00
2.6183e+00
2.6266e+00
2.6349e+00
2.6432e+00
2.6515e+00
2.6598e+00
2.6681e+00
2.6764e+00
2.6847e+00
2.6930e+00
2.7013e+00
2.7096e+00
2.7179e+00
2.7262e+00
2.7345e+00
2.7428e+00
2.7511e+00
2.7594e+00
2.7677e+00
2.7760e+00
2.7843e+00
2.7926e+00
2.8009e+00
2.8092e+00
2.8175e+00
2.8258e+00
2.8341e+00
2.8424e+00
2.8507e+00
2.8590e+00
2.8673e+00
2.8756e+00
2.8839e+00
2.8922e+00
2.9005e+00
2.9088e+00
2.9171e+00
2.9254e+00
2.9337e+00
2.9420e+00
2.9503e+00
2.9586e+00
2.9669e+00
2.9752e+00
2.9835e+00
2.9918e+00
3.0001e+00
3.0084e+00
3.0167e+00
3.0250e+00
3.0333e+00
3.0416e+00
3.0499e+00
3.0582e+00
3.0665e+00
3.0748e+00
3.0831e+00
3.0914e+00
3.0997e+00
3.1080e+00
3.1163e+00
3.1246e+00
3.1329e+00
3.1412e+00
3.1495e+00
3.1578e+00
3.1661e+00
3.1744e+00
3.1827e+00
3.1910e+00
3.1993e+00
3.2076e+00
3.2159e+00
3.2241e+00
3.2324e+00
3.2407e+00
3.2490e+00
3.2573e+00
3.2656e+00
3.2739e+00
3.2822e+00
3.2905e+00
3.2988e+00
3.3071e+00
3.3154e+00
3.3237e+00
3.3320e+00
3.3403e+00
3.3486e+00
3.3569e+00
3.3652e+00
3.3735e+00
3.3818e+00
3.3901e+00
3.3984e+00
3.4067e+00
3.4150e+00
3.4233e+00
3.4316e+00
3.4399e+00
3.4482e+00
3.4565e+00
3.4648e+00
3.4731e+00
3.4814e+00
3.4897e+00
3.4980e+00
3.5063e+00
3.5146e+00
3.5229e+00
3.5312e+00
3.5395e+00
3.5478e+00
3.5561e+00
3.5644e+00
3.5727e+00
3.5810e+00
3.5893e+00
3.5976e+00
3.6059e+00
3.6142e+00
3.6225e+00
3.6308e+00
3.6391e+00
3.6474e+00
3.6557e+00
3.6640e+00
3.6723e+00
3.6806e+00
3.6889e+00
3.6972e+00
3.7055e+00
3.7138e+00
3.7221e+00
3.7304e+00
3.7387e+00
3.7470e+00
3.7553e+00
3.7636e+00
3.7719e+00
3.7802e+00
3.7885e+00
3.7968e+00
3.8051e+00
3.8134e+00
3.8217e+00
3.8300e+00
3.8383e+00
3.8466e+00
3.8549e+00
3.8632e+00
3.8715e+00
3.8798e+00
3.8881e+00
3.8964e+00
3.9047e+00
3.9130e+00
3.9213e+00
3.9296e+00
3.9379e+00
3.9462e+00
3.9545e+00
3.9628e+00
3.9711e+00
3.9794e+00
3.9877e+00
3.9960e+00
