9.999999999998898659e-04 1.002525114707771614e+00 2.278512368523565002e+01 3.291816789128391818e+00
2.420944791671875151e-03 1.004751870604369657e+00 2.088449409252610423e+01 2.781208966950109662e+00
3.841889583343416348e-03 1.006971164039964783e+00 1.973646922075966970e+01 2.442970920568111381e+00
5.262834375015401633e-03 1.009183051503695694e+00 1.880531483171422025e+01 2.194299542039963136e+00
6.683779166686942830e-03 1.011387588827012296e+00 1.813085040777203361e+01 1.984506385339798840e+00
8.104723958358928115e-03 1.013584831194922042e+00 1.757136746877269573e+01 1.810821161793801259e+00
9.525668750030469312e-03 1.015774833156975809e+00 1.709442942524358244e+01 1.645338869765531342e+00
1.094661354170245460e-02 1.017957648638028623e+00 1.668182617905472398e+01 1.507138120818749982e+00
1.236755833337399579e-02 1.020133330952519790e+00 1.632247835904990652e+01 1.368907986155616818e+00
1.378850312504598108e-02 1.022301936418479329e+00 1.601367313069476239e+01 1.245181673705064718e+00
1.520944791671752228e-02 1.024463531038373620e+00 1.574834641303263183e+01 1.111710489454030615e+00
1.663039270838950756e-02 1.026618181943974140e+00 1.551902430296537361e+01 9.945029258518891524e-01
1.805133750006104876e-02 1.028765955563133661e+00 1.531816221820326973e+01 8.593300038568960630e-01
1.947228229173303404e-02 1.030906917631602138e+00 1.512665705079495737e+01 7.304612014571967293e-01
2.089322708340457524e-02 1.033041133204569695e+00 1.492680140788375454e+01 5.708492922076020548e-01
2.231417187507656053e-02 1.035168666667972026e+00 1.475152373973758735e+01 4.145000885306839855e-01
2.373511666674810172e-02 1.037289581749535783e+00 1.459070048054517343e+01 2.528293974298709834e-01
2.515606145842008701e-02 1.039403941529601028e+00 1.444703689926075008e+01 9.838399298834277218e-02
2.657700625009162820e-02 1.041511808451693888e+00 1.431857418898979972e+01 nan
2.799795104176361349e-02 1.043613244332888046e+00 1.417388511773637383e+01 nan
2.941889583343515469e-02 1.045708310373933525e+00 1.406472212181318149e+01 nan
3.083984062510713997e-02 1.047797067169180751e+00 1.408964811588183252e+01 nan
3.226078541677868117e-02 1.049879574716285235e+00 1.414552278691258103e+01 nan
3.368173020845066645e-02 1.051955892425716632e+00 1.421117758869232972e+01 nan
3.510267500012220765e-02 1.054026079130062632e+00 1.430021369771381501e+01 nan
3.652361979179419293e-02 1.056090193093144780e+00 1.436899252214129064e+01 nan
3.794456458346573413e-02 1.058148292018938230e+00 1.442195420771676062e+01 nan
3.936550937513771942e-02 1.060200433060314973e+00 1.448236344547246723e+01 nan
4.078645416680926061e-02 1.062246672827601657e+00 1.455891198989113100e+01 nan
4.220739895848124590e-02 1.064287067396964881e+00 1.465437129658961979e+01 nan
