3.000000000000113687e-03 1.005211198677067541e+00 1.695682027778521928e+01 1.595999964326620102e+01
4.782886364791405498e-03 1.007975937598677652e+00 1.587454614510899198e+01 1.502387581230259883e+01
6.565772729582253220e-03 1.010729625344658711e+00 1.510206465891753425e+01 1.435213057736064712e+01
8.348659094373545031e-03 1.013472319832692481e+00 1.453350223298447474e+01 1.387195538629761415e+01
1.013154545916439275e-02 1.016204077997156840e+00 1.407293852824356151e+01 1.349959324748680878e+01
1.191443182395568456e-02 1.018924955808494071e+00 1.368973742339338528e+01 1.320172789722365536e+01
1.369731818874653229e-02 1.021635008292067326e+00 1.336621068914718968e+01 6.299999859184026718e-01
1.548020455353782410e-02 1.024334289546549259e+00 1.309309578345045644e+01 5.899999868124723434e-01
1.726309091832867182e-02 1.027022859114461228e+00 1.286238260501997388e+01 5.599999874830245972e-01
1.904597728311996363e-02 1.029700818606797963e+00 1.266435936531998330e+01 5.399999879300594330e-01
2.082886364791081135e-02 1.032368286095771914e+00 1.248817537796856314e+01 5.199999883770942688e-01
2.261175001270210316e-02 1.035025378173126009e+00 1.231558403164465609e+01 3.930319934097235013e-01
2.439463637749295088e-02 1.037672209922842592e+00 1.215048354568126499e+01 2.380644995388627727e-01
2.617752274228424270e-02 1.040308894951815555e+00 1.202312067404669449e+01 9.695267554699604773e-02
2.796040910707553451e-02 1.042935545419706456e+00 1.191757947544612506e+01 nan
2.974329547186638223e-02 1.045552272068019706e+00 1.180894261979661408e+01 nan
3.152618183665767404e-02 1.048159184248417031e+00 1.173133614129165281e+01 nan
3.330906820144852176e-02 1.050756389950291192e+00 1.177164033643084551e+01 nan
3.509195456623981357e-02 1.053343995827634938e+00 1.183975741580520058e+01 nan
3.687484093103066130e-02 1.055922107225211404e+00 1.193131843642835577e+01 nan
3.865772729582195311e-02 1.058490828204061707e+00 1.202506278699589970e+01 nan
4.044061366061280083e-02 1.061050261566359065e+00 1.210053469927646930e+01 nan
4.222350002540409264e-02 1.063600508879642303e+00 1.218638236305348954e+01 nan
4.400638639019494036e-02 1.066141670500429850e+00 1.229513368678430218e+01 nan
4.578927275498623217e-02 1.068673845597254646e+00 1.243182675014158534e+01 nan
