9.999999999998898659e-04 1.002441741854756208e+00 2.302002680014264513e+01 3.296601841830236523e+00
2.575910128348901651e-03 1.004868896886504714e+00 2.089740931082247855e+01 2.712963123590570014e+00
4.151820256697469347e-03 1.007287433692140688e+00 1.960867337376996744e+01 2.364285092521136278e+00
5.727730385046481132e-03 1.009697407894395438e+00 1.866804238262126248e+01 2.094408657020628617e+00
7.303640513395492917e-03 1.012098874367940660e+00 1.796833848070410511e+01 1.882049271941760082e+00
8.879550641744504702e-03 1.014491887252894298e+00 1.739525036901255817e+01 1.700463201786193146e+00
1.045546077009307240e-02 1.016876499968008218e+00 1.691311646479480046e+01 1.539553779587088833e+00
1.203137089844208418e-02 1.019252765223555457e+00 1.650186268619986762e+01 1.397148850223683958e+00
1.360728102679109597e-02 1.021620735033915039e+00 1.614943554038713103e+01 1.255037899640972121e+00
1.518319115514010775e-02 1.023980460729876585e+00 1.585075273376094707e+01 1.127126184798273201e+00
1.675910128348867545e-02 1.026331992970890949e+00 1.559550192405817981e+01 9.983238459816652366e-01
1.833501141183768723e-02 1.028675386967871752e+00 1.537649350268414494e+01 8.636552299345270356e-01
1.991092154018669902e-02 1.031010715876425898e+00 1.518559947750086536e+01 7.270534830560304584e-01
2.148683166853526672e-02 1.033338056167014907e+00 1.497568444725227188e+01 5.595527724808433412e-01
2.306274179688427850e-02 1.035657483436674076e+00 1.479784427411050096e+01 3.925170574236127585e-01
2.463865192523329029e-02 1.037969072424592243e+00 1.463929687708414207e+01 2.330902241970731481e-01
2.621456205358230207e-02 1.040272897027334276e+00 1.450206932598593745e+01 8.313436770446314128e-02
2.779047218193086977e-02 1.042569030313711842e+00 1.438442016812829749e+01 nan
2.936638231027988155e-02 1.044857544539318228e+00 1.425561313242677564e+01 nan
3.094229243862889334e-02 1.047138511160718766e+00 1.417221173230254472e+01 nan
3.251820256697746103e-02 1.049412000849333504e+00 1.421621149257275718e+01 nan
3.409411269532647282e-02 1.051678083504999694e+00 1.428908199201470453e+01 nan
3.567002282367548460e-02 1.053936828269225190e+00 1.438578066286457968e+01 nan
3.724593295202449639e-02 1.056188303538155404e+00 1.450367701146186583e+01 nan
3.882184308037306408e-02 1.058432576975242068e+00 1.459245909376305761e+01 nan
4.039775320872207587e-02 1.060669715523640644e+00 1.467860467238754651e+01 nan
4.197366333707108765e-02 1.062899785418324416e+00 1.478537342293135559e+01 nan
4.354957346542009944e-02 1.065122852197941450e+00 1.491704515473544213e+01 nan
4.512548359376866713e-02 1.067338980716407981e+00 1.507877194328606940e+01 nan
4.670139372211767892e-02 1.069548235154253790e+00 1.528228672843900071e+01 nan
