9.999999999998898659e-04 1.002492201310070108e+00 2.989377711262550719e+01 4.316071925177832114e+00
2.451313461744764055e-03 1.004647298900970931e+00 2.736457729921724535e+01 3.621686692891190162e+00
3.902626923489638244e-03 1.006795225489307999e+00 2.581523099013278966e+01 3.176497511945814978e+00
5.353940385234068344e-03 1.008936035231837947e+00 2.457006910414227008e+01 2.842712519138066440e+00
6.805253846978942533e-03 1.011069781675587143e+00 2.366132050173211354e+01 2.576935861384346715e+00
8.256567308723816723e-03 1.013196517768041316e+00 2.290504700567082352e+01 2.335906043228295204e+00
9.707880770468690912e-03 1.015316295867113583e+00 2.225952198873851628e+01 2.125750566082094117e+00
1.115919423221312101e-02 1.017429167750902419e+00 2.170192975163625349e+01 1.931826529340149534e+00
1.261050769395799520e-02 1.019535184627240465e+00 2.122492724571762324e+01 1.754208618673260389e+00
1.406182115570286939e-02 1.021634397835289310e+00 2.082149637887563287e+01 1.585751474688903429e+00
1.551313461744774358e-02 1.023726866066430485e+00 2.048242945542663307e+01 1.420513117521559288e+00
1.696444807919217368e-02 1.025812652435059258e+00 2.019754370914509778e+01 1.252999320083205248e+00
1.841576154093704787e-02 1.027891819493399472e+00 1.992319846285550256e+01 1.077061058058256471e+00
1.986707500268192206e-02 1.029964429160152850e+00 1.969015480305425925e+01 8.942097373713817632e-01
2.131838846442679625e-02 1.032030542730835165e+00 1.944457513167184359e+01 6.718770525848221098e-01
2.276970192617122635e-02 1.034090220887889933e+00 1.922271303589796076e+01 4.572666713796307292e-01
2.422101538791610054e-02 1.036143523710589154e+00 1.902276795552558752e+01 2.486523814984895608e-01
2.567232884966097473e-02 1.038190510684720458e+00 1.885568222008086892e+01 4.724762429263407171e-02
2.712364231140584891e-02 1.040231240712076399e+00 1.870536864399533528e+01 nan
2.857495577315027901e-02 1.042265772119739031e+00 1.850557606165648394e+01 nan
3.002626923489515320e-02 1.044294162669178183e+00 1.848878126286220791e+01 nan
3.147758269664002739e-02 1.046316469565151452e+00 1.855375619370587614e+01 nan
3.292889615838490158e-02 1.048332749464429670e+00 1.866545999370410414e+01 nan
3.438020962012933168e-02 1.050343058484335845e+00 1.880782539239558915e+01 nan
3.583152308187420587e-02 1.052347452211116030e+00 1.897133126475300458e+01 nan
3.728283654361908006e-02 1.054345985708130318e+00 1.909772779968140810e+01 nan
3.873415000536395425e-02 1.056338713523887307e+00 1.922179997709870491e+01 nan
4.018546346710838435e-02 1.058325689699909367e+00 1.937649664866513888e+01 nan
4.163677692885325854e-02 1.060306967778445575e+00 1.958004623288692514e+01 nan
4.308809039059813273e-02 1.062282600810021682e+00 1.985205240740135935e+01 nan
