3.000000000000113687e-03 1.005252537532629997e+00 2.060358295977495047e+01 1.941498912587417891e+01
4.845625533393960183e-03 1.008018123596968740e+00 1.929657366746168989e+01 1.824946424833846947e+01
6.691251066788250768e-03 1.010772492230940234e+00 1.829894008192832899e+01 1.737921224521661756e+01
8.536876600182097263e-03 1.013515706575854214e+00 1.758797573650788593e+01 1.679260557761088535e+01
1.038250213357594376e-02 1.016247828722582014e+00 1.701306129220242269e+01 1.632934395458140742e+01
1.222812766697023434e-02 1.018968919732472722e+00 1.653944062349997779e+01 8.199999816715717316e-01
1.407375320036408084e-02 1.021679039657728216e+00 1.614415833867852612e+01 7.699999827891588211e-01
1.591937873375792734e-02 1.024378247561259725e+00 1.581686580178814339e+01 7.199999839067459106e-01
1.776500426715221792e-02 1.027066601717662397e+00 1.554333772946347736e+01 6.899999845772981644e-01
1.961062980054606442e-02 1.029744180400184339e+00 1.531128554179591816e+01 6.599999852478504181e-01
2.145625533393991091e-02 1.032411100807469451e+00 1.510317745183727212e+01 6.206754230575222131e-01
2.330188086733420150e-02 1.035067483121157039e+00 1.487910485180204034e+01 4.243858407021363632e-01
2.514750640072804799e-02 1.037713445968798665e+00 1.470777111837906581e+01 2.416127323257875048e-01
2.699313193412189449e-02 1.040349106455653594e+00 1.456532759011076195e+01 7.223944968349682583e-02
2.883875746751618507e-02 1.042974580195629164e+00 1.444742328427567912e+01 nan
3.068438300091003157e-02 1.045589981341404906e+00 1.430311474976855735e+01 nan
3.253000853430387806e-02 1.048195422613768857e+00 1.430221461628935842e+01 nan
3.437563406769816865e-02 1.050791015330180267e+00 1.438193313682781138e+01 nan
3.622125960109201515e-02 1.053376869432590901e+00 1.449539144058262607e+01 nan
3.806688513448586164e-02 1.055953093514550689e+00 1.464065439384871326e+01 nan
3.991251066788015223e-02 1.058519794847612383e+00 1.476628153741138050e+01 nan
4.175813620127399872e-02 1.061077079407059642e+00 1.489109774972362388e+01 nan
4.360376173466784522e-02 1.063625051896988083e+00 1.504839311853197259e+01 nan
4.544938726806213580e-02 1.066163815774745727e+00 1.524667522239692907e+01 nan
4.729501280145598230e-02 1.068693473274757944e+00 1.549732718315707558e+01 nan
