1.002359628677368164e+00 4.362791112136042315e+00
1.004692316055297852e+00 3.603294534645312908e+00
1.007016897201538086e+00 3.133253230607977002e+00
1.009333610534667969e+00 2.788218729096911375e+00
1.011642217636108398e+00 2.511582116088848515e+00
1.013943076133728027e+00 2.275100049540392355e+00
1.016235947608947754e+00 2.072594472094157148e+00
1.018521070480346680e+00 1.878111015096505909e+00
1.020798325538635254e+00 1.700865726765337982e+00
1.023068070411682129e+00 1.533079130442038363e+00
1.025330066680908203e+00 1.358389817511152842e+00
1.027584552764892578e+00 1.190854706382808992e+00
1.029831409454345703e+00 1.023696674069146439e+00
1.032070875167846680e+00 8.369605493125691353e-01
1.034302949905395508e+00 6.146138458999397258e-01
1.036527514457702637e+00 4.002656337295755762e-01
1.038744688034057617e+00 1.963241869823546537e-01
1.040954709053039551e+00 1.134198846242728820e-02
