1.002154588699340820e+00 2.742243453900721661e+00
1.004523754119873047e+00 2.242281024653840049e+00
1.006884694099426270e+00 1.948018665544876349e+00
1.009237408638000488e+00 1.728530169349036250e+00
1.011582016944885254e+00 1.562004907888422167e+00
1.013918638229370117e+00 1.416802054576725034e+00
1.016247272491455078e+00 1.286016046832680004e+00
1.018567919731140137e+00 1.169314332904615839e+00
1.020880699157714844e+00 1.059815219289010457e+00
1.023185610771179199e+00 9.525202518744935176e-01
1.025482773780822754e+00 8.535483538734682796e-01
1.027772188186645508e+00 7.592936147719497875e-01
1.030053973197937012e+00 6.457858675939167625e-01
1.032328128814697266e+00 5.375162248126739151e-01
1.034594535827636719e+00 4.056438985397230468e-01
1.036853551864624023e+00 2.797521362645962739e-01
1.039105176925659180e+00 1.603832316149373938e-01
1.041349172592163086e+00 5.341812011862723253e-02
