1.002248287200927734e+00 3.365621649321822062e+00
1.004640579223632812e+00 2.745506150452451166e+00
1.007024407386779785e+00 2.380115263580832696e+00
1.009399652481079102e+00 2.106342059503328201e+00
1.011766672134399414e+00 1.895980549215790845e+00
1.014125227928161621e+00 1.719767028389457941e+00
1.016475558280944824e+00 1.556429750792880817e+00
1.018817663192749023e+00 1.413071899666229037e+00
1.021151661872863770e+00 1.271027498266878553e+00
1.023477554321289062e+00 1.144035123005408217e+00
1.025795340538024902e+00 1.016985628364502681e+00
1.028105139732360840e+00 8.851296608575989211e-01
1.030407071113586426e+00 7.530762824511567644e-01
1.032701015472412109e+00 6.172613324779860910e-01
1.034987092018127441e+00 4.459814669782220520e-01
1.037265539169311523e+00 2.800158021569738587e-01
1.039536118507385254e+00 1.359466126633934735e-01
1.041799068450927734e+00 0.000000000000000000e+00
