1.002090454101562500e+00 3.404780712235373485e+00
1.004658937454223633e+00 2.718103192272608659e+00
1.007218480110168457e+00 2.335399194192308236e+00
1.009768962860107422e+00 2.060377997754504698e+00
1.012309789657592773e+00 1.844537981597317966e+00
1.014840960502624512e+00 1.665445845971278871e+00
1.017362594604492188e+00 1.500354965005600505e+00
1.019874572753906250e+00 1.355605468380389311e+00
1.022377133369445801e+00 1.212019952710125636e+00
1.024870276451110840e+00 1.082887370543766714e+00
1.027354001998901367e+00 9.527032236227190864e-01
1.029828429222106934e+00 8.159873148474616755e-01
1.032293796539306641e+00 6.759246226754447306e-01
1.034749865531921387e+00 5.074119481838241796e-01
1.037196993827819824e+00 3.479760432193574893e-01
1.039635062217712402e+00 1.979631724896053768e-01
1.042064189910888672e+00 6.451494138152202851e-02
