1.002146244049072266e+00 3.329396566718417105e+00
1.004680514335632324e+00 2.715391349173108537e+00
1.007205486297607422e+00 2.352198311772116135e+00
1.009721279144287109e+00 2.097368982254836922e+00
1.012227892875671387e+00 1.882282986422488591e+00
1.014725565910339355e+00 1.708349961277889406e+00
1.017214179039001465e+00 1.555198833700184302e+00
1.019693851470947266e+00 1.410500025579486838e+00
1.022164583206176758e+00 1.276072854948650637e+00
1.024626612663269043e+00 1.156131978018176021e+00
1.027079939842224121e+00 1.025893886201952654e+00
1.029524564743041992e+00 9.009531900455520770e-01
1.031960606575012207e+00 7.763998522910169342e-01
1.034388065338134766e+00 6.370827003128596289e-01
1.036807060241699219e+00 4.775905981183510285e-01
1.039217591285705566e+00 3.267032857482767838e-01
1.041619777679443359e+00 1.734606711884789654e-01
1.044013619422912598e+00 3.912699380254913706e-02
