1.0043e+00
1.0126e+00
1.0209e+00
1.0292e+00
1.0375e+00
1.0458e+00
1.0541e+00
1.0624e+00
1.0707e+00
1.0790e+00
1.0873e+00
1.0956e+00
1.1039e+00
1.1122e+00
1.1205e+00
1.1288e+00
1.1371e+00
1.1454e+00
1.1537e+00
1.1620e+00
1.1703e+00
1.1786e+00
1.1869e+00
1.1952e+00
1.2035e+00
1.2118e+00
1.2201e+00
1.2284e+00
1.2367e+00
1.2450e+00
1.2533e+00
1.2616e+00
1.2699e+00
1.2781e+00
1.2864e+00
1.2947e+00
1.3030e+00
1.3113e+00
1.3196e+00
1.3279e+00
1.3362e+00
1.3445e+00
1.3528e+00
1.3611e+00
1.3694e+00
1.3777e+00
1.3860e+00
1.3943e+00
1.4026e+00
1.4109e+00
1.4192e+00
1.4275e+00
1.4358e+00
1.4441e+00
1.4524e+00
1.4607e+00
1.4690e+00
1.4773e+00
1.4856e+00
1.4939e+00
1.5022e+00
1.5105e+00
1.5188e+00
1.5271e+00
1.5354e+00
1.5437e+00
1.5520e+00
1.5603e+00
1.5686e+00
1.5769e+00
1.5852e+00
1.5935e+00
1.6018e+00
1.6101e+00
1.6184e+00
1.6267e+00
1.6350e+00
1.6433e+00
1.6516e+00
1.6599e+00
1.6682e+00
1.6765e+00
1.6848e+00
1.6931e+00
1.7014e+00
1.7097e+00
1.7180e+00
1.7263e+00
1.7346e+00
1.7429e+00
1.7512e+00
1.7595e+00
1.7678e+00
1.7761e+00
1.7844e+00
1.7927e+00
1.8010e+00
1.8093e+00
1.8176e+00
1.8259e+00
1.8342e+00
1.8425e+00
1.8508e+00
1.8591e+00
1.8674e+00
1.8757e+00
1.8840e+00
1.8923e+00
1.9006e+00
1.9089e+00
1.9172e+00
1.9255e+00
1.9338e+00
1.9421e+00
1.9504e+00
1.9587e+00
1.9670e+00
1.9753e+00
1.9836e+00
1.9919e+00
2.0002e+00
2.0085e+00
2.0168e+00
2.0251e+00
2.0334e+00
2.0417e+00
2.0500e+00
2.0583e+00
2.0666e+00
2.0749e+00
2.0832e+00
2.0915e+00
2.0998e+00
2.1081e+00
2.1164e+00
2.1247e+00
2.1330e+00
2.1413e+00
2.1496e+00
2.1579e+00
2.1662e+00
2.1745e+00
2.1828e+00
2.1911e+00
2.1994e+00
2.2077e+00
2.2160e+00
2.2243e+00
2.2326e+00
2.2409e+00
2.2492e+00
2.2575e+00
2.2658e+00
2.2741e+00
2.2824e+00
2.2907e+00
2.2990e+00
2.3073e+00
2.3156e+00
2.3239e+00
2.3322e+00
2.3405e+00
2.3488e+00
2.3571e+00
2.3654e+00
2.3737e+00
2.3820e+00
2.3903e+00
2.3986e+00
2.4069e+00
2.4152e+00
2.4235e+00
2.4318e+00
2.4401e+00
2.4484e+00
2.4567e+00
2.4649e+00
2.4733e+00
2.4815e+00
2.4898e+00
2.4981e+00
2.5064e+00
2.5147e+00
2.5230e+00
2.5313e+00
2.5396e+00
2.5479e+00
2.5562e+00
2.5645e+00
2.5728e+00
2.5811e+00
2.5894e+00
2.5977e+00
2.6060e+00
2.6143e+00
2.6226e+00
2.6309e+00
2.6392e+00
2.6475e+00
2.6558e+00
2.6641e+00
2.6724e+00
2.6807e+00
2.6890e+00
2.6973e+00
2.7056e+00
2.7139e+00
2.7222e+00
2.7305e+00
2.7388e+00
2.7471e+00
2.7554e+00
2.7637e+00
2.7720e+00
2.7803e+00
2.7886e+00
2.7969e+00
2.8052e+00
2.8135e+00
2.8218e+00
2.8301e+00
2.8384e+00
2.8467e+00
2.8550e+00
2.8633e+00
2.8716e+00
2.8799e+00
2.8882e+00
2.8965e+00
2.9048e+00
2.9131e+00
2.9214e+00
2.9297e+00
2.9380e+00
2.9463e+00
2.9546e+00
2.9629e+00
2.9712e+00
2.9795e+00
2.9878e+00
2.9961e+00
3.0044e+00
3.0127e+00
3.0210e+00
3.0293e+00
3.0376e+00
3.0459e+00
3.0542e+00
3.0625e+00
3.0708e+00
3.0791e+00
3.0874e+00
3.0957e+00
3.1040e+00
3.1123e+00
3.1206e+00
3.1289e+00
3.1372e+00
3.1455e+00
3.1538e+00
3.1621e+00
3.1704e+00
3.1787e+00
3.1870e+00
3.1953e+00
3.2036e+00
3.2119e+00
3.2202e+00
3.2285e+00
3.2368e+00
3.2451e+00
3.2534e+00
3.2617e+00
3.2700e+00
3.2783e+00
3.2866e+00
3.2949e+00
3.3032e+00
3.3115e+00
3.3198e+00
3.3281e+00
3.3364e+00
3.3447e+00
3.3530e+00
3.3613e+00
3.3696e+00
3.3779e+00
3.3862e+00
3.3945e+00
3.4028e+00
3.4111e+00
3.4194e+00
3.4277e+00
3.4360e+00
3.4443e+00
3.4526e+00
3.4609e+00
3.4692e+00
3.4775e+00
3.4858e+00
3.4941e+00
3.5024e+00
3.5107e+00
3.5190e+00
3.5273e+00
3.5356e+00
3.5439e+00
3.5522e+00
3.5605e+00
3.5688e+00
3.5771e+00
3.5854e+00
3.5937e+00
3.6020e+00
3.6103e+00
3.6186e+00
3.6269e+00
3.6352e+00
3.6435e+00
3.6518e+00
3.6601e+00
3.6683e+00
3.6767e+00
3.6849e+00
3.6932e+00
3.7015e+00
3.7098e+00
3.7181e+00
3.7264e+00
3.7347e+00
3.7430e+00
3.7513e+00
3.7596e+00
3.7679e+00
3.7762e+00
3.7845e+00
3.7928e+00
3.8011e+00
3.8094e+00
3.8177e+00
3.8260e+00
3.8343e+00
3.8426e+00
3.8509e+00
3.8592e+00
3.8675e+00
3.8758e+00
3.8841e+00
3.8924e+00
3.9007e+00
3.9090e+00
3.9173e+00
3.9256e+00
3.9339e+00
3.9422e+00
3.9505e+00
3.9588e+00
3.9671e+00
3.9754e+00
3.9837e+00
3.9920e+00
