1.0052e+00
1.0135e+00
1.0218e+00
1.0301e+00
1.0384e+00
1.0467e+00
1.0550e+00
1.0633e+00
1.0716e+00
1.0799e+00
1.0882e+00
1.0965e+00
1.1048e+00
1.1131e+00
1.1214e+00
1.1297e+00
1.1380e+00
1.1463e+00
1.1546e+00
1.1629e+00
1.1712e+00
1.1795e+00
1.1878e+00
1.1961e+00
1.2044e+00
1.2127e+00
1.2210e+00
1.2293e+00
1.2376e+00
1.2459e+00
1.2542e+00
1.2625e+00
1.2708e+00
1.2791e+00
1.2874e+00
1.2957e+00
1.3040e+00
1.3123e+00
1.3206e+00
1.3289e+00
1.3372e+00
1.3454e+00
1.3537e+00
1.3620e+00
1.3703e+00
1.3786e+00
1.3869e+00
1.3952e+00
1.4035e+00
1.4118e+00
1.4201e+00
1.4284e+00
1.4367e+00
1.4450e+00
1.4533e+00
1.4616e+00
1.4699e+00
1.4782e+00
1.4865e+00
1.4948e+00
1.5031e+00
1.5114e+00
1.5197e+00
1.5280e+00
1.5363e+00
1.5446e+00
1.5529e+00
1.5612e+00
1.5695e+00
1.5778e+00
1.5861e+00
1.5944e+00
1.6027e+00
1.6110e+00
1.6193e+00
1.6276e+00
1.6359e+00
1.6442e+00
1.6525e+00
1.6608e+00
1.6691e+00
1.6774e+00
1.6857e+00
1.6940e+00
1.7023e+00
1.7106e+00
1.7189e+00
1.7272e+00
1.7355e+00
1.7438e+00
1.7521e+00
1.7604e+00
1.7687e+00
1.7770e+00
1.7853e+00
1.7936e+00
1.8019e+00
1.8102e+00
1.8185e+00
1.8268e+00
1.8351e+00
1.8434e+00
1.8517e+00
1.8600e+00
1.8683e+00
1.8766e+00
1.8849e+00
1.8932e+00
1.9015e+00
1.9098e+00
1.9181e+00
1.9264e+00
1.9347e+00
1.9430e+00
1.9513e+00
1.9596e+00
1.9679e+00
1.9762e+00
1.9845e+00
1.9928e+00
2.0011e+00
2.0094e+00
2.0177e+00
2.0260e+00
2.0343e+00
2.0426e+00
2.0509e+00
2.0592e+00
2.0675e+00
2.0758e+00
2.0841e+00
2.0924e+00
2.1007e+00
2.1090e+00
2.1173e+00
2.1256e+00
2.1339e+00
2.1422e+00
2.1505e+00
2.1588e+00
2.1671e+00
2.1754e+00
2.1837e+00
2.1920e+00
2.2003e+00
2.2086e+00
2.2169e+00
2.2252e+00
2.2335e+00
2.2418e+00
2.2501e+00
2.2584e+00
2.2667e+00
2.2750e+00
2.2833e+00
2.2916e+00
2.2999e+00
2.3082e+00
2.3165e+00
2.3248e+00
2.3331e+00
2.3414e+00
2.3497e+00
2.3580e+00
2.3663e+00
2.3746e+00
2.3829e+00
2.3912e+00
2.3995e+00
2.4078e+00
2.4161e+00
2.4244e+00
2.4327e+00
2.4410e+00
2.4493e+00
2.4576e+00
2.4659e+00
2.4742e+00
2.4825e+00
2.4908e+00
2.4991e+00
2.5074e+00
2.5156e+00
2.5239e+00
2.5322e+00
2.5405e+00
2.5488e+00
2.5571e+00
2.5654e+00
2.5737e+00
2.5820e+00
2.5903e+00
2.5986e+00
2.6069e+00
2.6152e+00
2.6235e+00
2.6318e+00
2.6401e+00
2.6484e+00
2.6567e+00
2.6650e+00
2.6733e+00
2.6816e+00
2.6899e+00
2.6982e+00
2.7065e+00
2.7148e+00
2.7231e+00
2.7314e+00
2.7397e+00
2.7480e+00
2.7563e+00
2.7646e+00
2.7729e+00
2.7812e+00
2.7895e+00
2.7978e+00
2.8061e+00
2.8144e+00
2.8227e+00
2.8310e+00
2.8393e+00
2.8476e+00
2.8559e+00
2.8642e+00
2.8725e+00
2.8808e+00
2.8891e+00
2.8974e+00
2.9057e+00
2.9140e+00
2.9223e+00
2.9306e+00
2.9389e+00
2.9472e+00
2.9555e+00
2.9638e+00
2.9721e+00
2.9804e+00
2.9887e+00
2.9970e+00
3.0053e+00
3.0136e+00
3.0219e+00
3.0302e+00
3.0385e+00
3.0468e+00
3.0551e+00
3.0634e+00
3.0717e+00
3.0800e+00
3.0883e+00
3.0966e+00
3.1049e+00
3.1132e+00
3.1215e+00
3.1298e+00
3.1381e+00
3.1464e+00
3.1547e+00
3.1630e+00
3.1713e+00
3.1796e+00
3.1879e+00
3.1962e+00
3.2045e+00
3.2128e+00
3.2211e+00
3.2294e+00
3.2377e+00
3.2460e+00
3.2543e+00
3.2626e+00
3.2709e+00
3.2792e+00
3.2875e+00
3.2958e+00
3.3041e+00
3.3124e+00
3.3207e+00
3.3290e+00
3.3373e+00
3.3456e+00
3.3539e+00
3.3622e+00
3.3705e+00
3.3788e+00
3.3871e+00
3.3954e+00
3.4037e+00
3.4120e+00
3.4203e+00
3.4286e+00
3.4369e+00
3.4452e+00
3.4535e+00
3.4618e+00
3.4701e+00
3.4784e+00
3.4867e+00
3.4950e+00
3.5033e+00
3.5116e+00
3.5199e+00
3.5282e+00
3.5365e+00
3.5448e+00
3.5531e+00
3.5614e+00
3.5697e+00
3.5780e+00
3.5863e+00
3.5946e+00
3.6029e+00
3.6112e+00
3.6195e+00
3.6278e+00
3.6361e+00
3.6444e+00
3.6527e+00
3.6610e+00
3.6693e+00
3.6776e+00
3.6859e+00
3.6941e+00
3.7024e+00
3.7107e+00
3.7190e+00
3.7273e+00
3.7356e+00
3.7439e+00
3.7522e+00
3.7605e+00
3.7688e+00
3.7771e+00
3.7854e+00
3.7937e+00
3.8020e+00
3.8103e+00
3.8186e+00
3.8269e+00
3.8352e+00
3.8435e+00
3.8518e+00
3.8601e+00
3.8684e+00
3.8767e+00
3.8850e+00
3.8933e+00
3.9016e+00
3.9099e+00
3.9182e+00
3.9265e+00
3.9348e+00
3.9431e+00
3.9514e+00
3.9597e+00
3.9680e+00
3.9763e+00
3.9846e+00
3.9929e+00
