1.0028e+00
1.0111e+00
1.0194e+00
1.0277e+00
1.0360e+00
1.0443e+00
1.0526e+00
1.0609e+00
1.0692e+00
1.0775e+00
1.0858e+00
1.0941e+00
1.1024e+00
1.1107e+00
1.1190e+00
1.1273e+00
1.1356e+00
1.1439e+00
1.1522e+00
1.1605e+00
1.1688e+00
1.1771e+00
1.1854e+00
1.1937e+00
1.2020e+00
1.2103e+00
1.2186e+00
1.2269e+00
1.2352e+00
1.2435e+00
1.2518e+00
1.2601e+00
1.2684e+00
1.2767e+00
1.2850e+00
1.2933e+00
1.3016e+00
1.3099e+00
1.3182e+00
1.3265e+00
1.3348e+00
1.3431e+00
1.3514e+00
1.3597e+00
1.3680e+00
1.3763e+00
1.3846e+00
1.3929e+00
1.4012e+00
1.4095e+00
1.4178e+00
1.4261e+00
1.4344e+00
1.4427e+00
1.4510e+00
1.4593e+00
1.4676e+00
1.4759e+00
1.4842e+00
1.4925e+00
1.5008e+00
1.5091e+00
1.5174e+00
1.5257e+00
1.5340e+00
1.5423e+00
1.5506e+00
1.5589e+00
1.5672e+00
1.5755e+00
1.5838e+00
1.5921e+00
1.6004e+00
1.6087e+00
1.6170e+00
1.6253e+00
1.6336e+00
1.6419e+00
1.6502e+00
1.6585e+00
1.6668e+00
1.6751e+00
1.6834e+00
1.6917e+00
1.7000e+00
1.7083e+00
1.7166e+00
1.7249e+00
1.7332e+00
1.7415e+00
1.7498e+00
1.7581e+00
1.7664e+00
1.7747e+00
1.7830e+00
1.7913e+00
1.7996e+00
1.8079e+00
1.8162e+00
1.8245e+00
1.8328e+00
1.8411e+00
1.8494e+00
1.8577e+00
1.8660e+00
1.8743e+00
1.8826e+00
1.8909e+00
1.8992e+00
1.9075e+00
1.9158e+00
1.9241e+00
1.9324e+00
1.9407e+00
1.9490e+00
1.9572e+00
1.9655e+00
1.9738e+00
1.9821e+00
1.9904e+00
1.9987e+00
2.0070e+00
2.0153e+00
2.0236e+00
2.0320e+00
2.0402e+00
2.0485e+00
2.0568e+00
2.0651e+00
2.0734e+00
2.0817e+00
2.0900e+00
2.0983e+00
2.1066e+00
2.1149e+00
2.1232e+00
2.1315e+00
2.1398e+00
2.1481e+00
2.1564e+00
2.1647e+00
2.1730e+00
2.1813e+00
2.1896e+00
2.1979e+00
2.2062e+00
2.2145e+00
2.2228e+00
2.2311e+00
2.2394e+00
2.2477e+00
2.2560e+00
2.2643e+00
2.2726e+00
2.2809e+00
2.2892e+00
2.2975e+00
2.3058e+00
2.3141e+00
2.3224e+00
2.3307e+00
2.3390e+00
2.3473e+00
2.3556e+00
2.3639e+00
2.3722e+00
2.3805e+00
2.3888e+00
2.3971e+00
2.4054e+00
2.4137e+00
2.4220e+00
2.4303e+00
2.4386e+00
2.4469e+00
2.4552e+00
2.4635e+00
2.4718e+00
2.4801e+00
2.4884e+00
2.4967e+00
2.5050e+00
2.5133e+00
2.5216e+00
2.5299e+00
2.5382e+00
2.5465e+00
2.5548e+00
2.5631e+00
2.5714e+00
2.5797e+00
2.5880e+00
2.5963e+00
2.6046e+00
2.6129e+00
2.6212e+00
2.6295e+00
2.6378e+00
2.6461e+00
2.6544e+00
2.6627e+00
2.6710e+00
2.6793e+00
2.6876e+00
2.6959e+00
2.7042e+00
2.7125e+00
2.7208e+00
2.7291e+00
2.7374e+00
2.7457e+00
2.7540e+00
2.7623e+00
2.7706e+00
2.7789e+00
2.7872e+00
2.7955e+00
2.8038e+00
2.8121e+00
2.8204e+00
2.8287e+00
2.8370e+00
2.8453e+00
2.8536e+00
2.8619e+00
2.8702e+00
2.8785e+00
2.8868e+00
2.8951e+00
2.9034e+00
2.9117e+00
2.9200e+00
2.9283e+00
2.9366e+00
2.9449e+00
2.9532e+00
2.9615e+00
2.9698e+00
2.9781e+00
2.9864e+00
2.9947e+00
3.0030e+00
3.0113e+00
3.0196e+00
3.0279e+00
3.0362e+00
3.0445e+00
3.0528e+00
3.0611e+00
3.0694e+00
3.0777e+00
3.0860e+00
3.0943e+00
3.1026e+00
3.1109e+00
3.1192e+00
3.1275e+00
3.1357e+00
3.1440e+00
3.1523e+00
3.1606e+00
3.1689e+00
3.1772e+00
3.1855e+00
3.1938e+00
3.2021e+00
3.2104e+00
3.2187e+00
3.2270e+00
3.2353e+00
3.2436e+00
3.2519e+00
3.2602e+00
3.2685e+00
3.2768e+00
3.2851e+00
3.2934e+00
3.3017e+00
3.3100e+00
3.3183e+00
3.3266e+00
3.3349e+00
3.3432e+00
3.3515e+00
3.3598e+00
3.3681e+00
3.3764e+00
3.3847e+00
3.3930e+00
3.4013e+00
3.4096e+00
3.4179e+00
3.4262e+00
3.4345e+00
3.4428e+00
3.4511e+00
3.4594e+00
3.4677e+00
3.4760e+00
3.4843e+00
3.4926e+00
3.5009e+00
3.5092e+00
3.5175e+00
3.5258e+00
3.5341e+00
3.5424e+00
3.5507e+00
3.5590e+00
3.5673e+00
3.5756e+00
3.5839e+00
3.5922e+00
3.6005e+00
3.6088e+00
3.6171e+00
3.6254e+00
3.6337e+00
3.6420e+00
3.6503e+00
3.6586e+00
3.6669e+00
3.6752e+00
3.6835e+00
3.6918e+00
3.7001e+00
3.7084e+00
3.7167e+00
3.7250e+00
3.7333e+00
3.7416e+00
3.7499e+00
3.7582e+00
3.7665e+00
3.7748e+00
3.7831e+00
3.7914e+00
3.7997e+00
3.8080e+00
3.8163e+00
3.8246e+00
3.8329e+00
3.8412e+00
3.8495e+00
3.8578e+00
3.8661e+00
3.8744e+00
3.8827e+00
3.8910e+00
3.8993e+00
3.9076e+00
3.9159e+00
3.9242e+00
3.9325e+00
3.9408e+00
3.9491e+00
3.9574e+00
3.9657e+00
3.9740e+00
3.9823e+00
3.9906e+00
3.9989e+00
