1.0010e+00
1.0093e+00
1.0176e+00
1.0259e+00
1.0342e+00
1.0425e+00
1.0508e+00
1.0591e+00
1.0674e+00
1.0757e+00
1.0840e+00
1.0923e+00
1.1006e+00
1.1089e+00
1.1172e+00
1.1255e+00
1.1338e+00
1.1421e+00
1.1504e+00
1.1587e+00
1.1670e+00
1.1753e+00
1.1836e+00
1.1919e+00
1.2002e+00
1.2085e+00
1.2168e+00
1.2251e+00
1.2334e+00
1.2417e+00
1.2500e+00
1.2583e+00
1.2666e+00
1.2749e+00
1.2832e+00
1.2915e+00
1.2998e+00
1.3081e+00
1.3164e+00
1.3247e+00
1.3330e+00
1.3413e+00
1.3496e+00
1.3579e+00
1.3662e+00
1.3745e+00
1.3828e+00
1.3911e+00
1.3994e+00
1.4077e+00
1.4160e+00
1.4243e+00
1.4326e+00
1.4409e+00
1.4492e+00
1.4575e+00
1.4658e+00
1.4741e+00
1.4824e+00
1.4907e+00
1.4990e+00
1.5073e+00
1.5155e+00
1.5238e+00
1.5321e+00
1.5404e+00
1.5487e+00
1.5570e+00
1.5653e+00
1.5736e+00
1.5819e+00
1.5902e+00
1.5985e+00
1.6068e+00
1.6151e+00
1.6234e+00
1.6317e+00
1.6400e+00
1.6483e+00
1.6566e+00
1.6649e+00
1.6732e+00
1.6815e+00
1.6898e+00
1.6981e+00
1.7064e+00
1.7147e+00
1.7230e+00
1.7313e+00
1.7396e+00
1.7479e+00
1.7562e+00
1.7645e+00
1.7728e+00
1.7811e+00
1.7894e+00
1.7977e+00
1.8060e+00
1.8143e+00
1.8226e+00
1.8309e+00
1.8392e+00
1.8475e+00
1.8558e+00
1.8641e+00
1.8724e+00
1.8807e+00
1.8890e+00
1.8973e+00
1.9056e+00
1.9139e+00
1.9222e+00
1.9305e+00
1.9388e+00
1.9471e+00
1.9554e+00
1.9637e+00
1.9720e+00
1.9803e+00
1.9886e+00
1.9969e+00
2.0052e+00
2.0135e+00
2.0218e+00
2.0301e+00
2.0384e+00
2.0467e+00
2.0550e+00
2.0633e+00
2.0716e+00
2.0799e+00
2.0882e+00
2.0965e+00
2.1048e+00
2.1131e+00
2.1214e+00
2.1297e+00
2.1380e+00
2.1463e+00
2.1546e+00
2.1629e+00
2.1712e+00
2.1795e+00
2.1878e+00
2.1961e+00
2.2044e+00
2.2127e+00
2.2210e+00
2.2293e+00
2.2376e+00
2.2459e+00
2.2542e+00
2.2625e+00
2.2708e+00
2.2791e+00
2.2874e+00
2.2957e+00
2.3040e+00
2.3123e+00
2.3206e+00
2.3289e+00
2.3372e+00
2.3455e+00
2.3538e+00
2.3621e+00
2.3704e+00
2.3787e+00
2.3870e+00
2.3953e+00
2.4036e+00
2.4119e+00
2.4202e+00
2.4285e+00
2.4368e+00
2.4451e+00
2.4534e+00
2.4617e+00
2.4700e+00
2.4783e+00
2.4866e+00
2.4949e+00
2.5032e+00
2.5115e+00
2.5198e+00
2.5281e+00
2.5364e+00
2.5447e+00
2.5530e+00
2.5613e+00
2.5696e+00
2.5779e+00
2.5862e+00
2.5945e+00
2.6028e+00
2.6111e+00
2.6194e+00
2.6277e+00
2.6360e+00
2.6443e+00
2.6526e+00
2.6609e+00
2.6692e+00
2.6775e+00
2.6857e+00
2.6940e+00
2.7023e+00
2.7106e+00
2.7189e+00
2.7272e+00
2.7355e+00
2.7438e+00
2.7521e+00
2.7604e+00
2.7687e+00
2.7770e+00
2.7853e+00
2.7936e+00
2.8019e+00
2.8102e+00
2.8185e+00
2.8268e+00
2.8351e+00
2.8434e+00
2.8517e+00
2.8600e+00
2.8683e+00
2.8766e+00
2.8849e+00
2.8932e+00
2.9015e+00
2.9098e+00
2.9181e+00
2.9264e+00
2.9347e+00
2.9430e+00
2.9513e+00
2.9596e+00
2.9679e+00
2.9762e+00
2.9845e+00
2.9928e+00
3.0011e+00
3.0094e+00
3.0177e+00
3.0260e+00
3.0343e+00
3.0426e+00
3.0509e+00
3.0592e+00
3.0675e+00
3.0758e+00
3.0841e+00
3.0924e+00
3.1007e+00
3.1090e+00
3.1173e+00
3.1256e+00
3.1339e+00
3.1422e+00
3.1505e+00
3.1588e+00
3.1671e+00
3.1754e+00
3.1837e+00
3.1920e+00
3.2003e+00
3.2086e+00
3.2169e+00
3.2252e+00
3.2335e+00
3.2418e+00
3.2501e+00
3.2584e+00
3.2667e+00
3.2750e+00
3.2833e+00
3.2916e+00
3.2999e+00
3.3082e+00
3.3165e+00
3.3248e+00
3.3331e+00
3.3414e+00
3.3497e+00
3.3580e+00
3.3663e+00
3.3746e+00
3.3829e+00
3.3912e+00
3.3995e+00
3.4078e+00
3.4161e+00
3.4244e+00
3.4327e+00
3.4410e+00
3.4493e+00
3.4576e+00
3.4659e+00
3.4742e+00
3.4825e+00
3.4908e+00
3.4991e+00
3.5074e+00
3.5157e+00
3.5240e+00
3.5323e+00
3.5406e+00
3.5489e+00
3.5572e+00
3.5655e+00
3.5738e+00
3.5821e+00
3.5904e+00
3.5987e+00
3.6070e+00
3.6153e+00
3.6236e+00
3.6319e+00
3.6402e+00
3.6485e+00
3.6568e+00
3.6651e+00
3.6734e+00
3.6817e+00
3.6900e+00
3.6983e+00
3.7066e+00
3.7149e+00
3.7232e+00
3.7315e+00
3.7398e+00
3.7481e+00
3.7564e+00
3.7647e+00
3.7730e+00
3.7813e+00
3.7896e+00
3.7979e+00
3.8062e+00
3.8145e+00
3.8228e+00
3.8311e+00
3.8394e+00
3.8477e+00
3.8560e+00
3.8642e+00
3.8725e+00
3.8808e+00
3.8891e+00
3.8974e+00
3.9057e+00
3.9140e+00
3.9223e+00
3.9306e+00
3.9389e+00
3.9472e+00
3.9555e+00
3.9638e+00
3.9721e+00
3.9804e+00
3.9887e+00
3.9970e+00
